# SAT witness for R(K2x8,K2x5) > 21: CaDiCaL model of the base formula with a prescribed automorphism of order 21 (1 cycles of length 21, 0 fixed points), 2026-09-10
1 2 2
1 3 1
1 4 1
1 5 2
1 6 2
1 7 1
1 8 2
1 9 1
1 10 1
1 11 1
1 12 1
1 13 1
1 14 1
1 15 2
1 16 1
1 17 2
1 18 2
1 19 1
1 20 1
1 21 2
2 3 2
2 4 1
2 5 1
2 6 2
2 7 2
2 8 1
2 9 2
2 10 1
2 11 1
2 12 1
2 13 1
2 14 1
2 15 1
2 16 2
2 17 1
2 18 2
2 19 2
2 20 1
2 21 1
3 4 2
3 5 1
3 6 1
3 7 2
3 8 2
3 9 1
3 10 2
3 11 1
3 12 1
3 13 1
3 14 1
3 15 1
3 16 1
3 17 2
3 18 1
3 19 2
3 20 2
3 21 1
4 5 2
4 6 1
4 7 1
4 8 2
4 9 2
4 10 1
4 11 2
4 12 1
4 13 1
4 14 1
4 15 1
4 16 1
4 17 1
4 18 2
4 19 1
4 20 2
4 21 2
5 6 2
5 7 1
5 8 1
5 9 2
5 10 2
5 11 1
5 12 2
5 13 1
5 14 1
5 15 1
5 16 1
5 17 1
5 18 1
5 19 2
5 20 1
5 21 2
6 7 2
6 8 1
6 9 1
6 10 2
6 11 2
6 12 1
6 13 2
6 14 1
6 15 1
6 16 1
6 17 1
6 18 1
6 19 1
6 20 2
6 21 1
7 8 2
7 9 1
7 10 1
7 11 2
7 12 2
7 13 1
7 14 2
7 15 1
7 16 1
7 17 1
7 18 1
7 19 1
7 20 1
7 21 2
8 9 2
8 10 1
8 11 1
8 12 2
8 13 2
8 14 1
8 15 2
8 16 1
8 17 1
8 18 1
8 19 1
8 20 1
8 21 1
9 10 2
9 11 1
9 12 1
9 13 2
9 14 2
9 15 1
9 16 2
9 17 1
9 18 1
9 19 1
9 20 1
9 21 1
10 11 2
10 12 1
10 13 1
10 14 2
10 15 2
10 16 1
10 17 2
10 18 1
10 19 1
10 20 1
10 21 1
11 12 2
11 13 1
11 14 1
11 15 2
11 16 2
11 17 1
11 18 2
11 19 1
11 20 1
11 21 1
12 13 2
12 14 1
12 15 1
12 16 2
12 17 2
12 18 1
12 19 2
12 20 1
12 21 1
13 14 2
13 15 1
13 16 1
13 17 2
13 18 2
13 19 1
13 20 2
13 21 1
14 15 2
14 16 1
14 17 1
14 18 2
14 19 2
14 20 1
14 21 2
15 16 2
15 17 1
15 18 1
15 19 2
15 20 2
15 21 1
16 17 2
16 18 1
16 19 1
16 20 2
16 21 2
17 18 2
17 19 1
17 20 1
17 21 2
18 19 2
18 20 1
18 21 1
19 20 2
19 21 1
20 21 2
