# Coloring of K_27 for the cell R(K_{2,11}, K_{2,5}).
# Color 1 must contain no K_{2,11}: no 2-set with 11 common color-1 neighbors.
# Color 2 must contain no K_{2,5}: no 2-set with 5 common color-2 neighbors.
# Format: "i j c", one per line, vertices 1..27, color c in {1,2}, 351 edges.
# Unconfirmed, not peer reviewed. Nothing here is a claim.
# SAT witness for R(K2x11,K2x5) > 27: CaDiCaL model of the base formula with a prescribed semiregular automorphism of order 9 (3 orbits), 2026-09-09
# spec: K2x11,K2x5
# name: K(2,11)/K(2,5) on K27
1 2 2
1 3 1
1 4 2
1 5 1
1 6 1
1 7 2
1 8 1
1 9 2
1 10 1
1 11 1
1 12 1
1 13 2
1 14 2
1 15 1
1 16 2
1 17 2
1 18 1
1 19 2
1 20 1
1 21 1
1 22 1
1 23 1
1 24 1
1 25 1
1 26 1
1 27 2
2 3 2
2 4 1
2 5 2
2 6 1
2 7 1
2 8 2
2 9 1
2 10 1
2 11 1
2 12 1
2 13 1
2 14 2
2 15 2
2 16 1
2 17 2
2 18 2
2 19 2
2 20 2
2 21 1
2 22 1
2 23 1
2 24 1
2 25 1
2 26 1
2 27 1
3 4 2
3 5 1
3 6 2
3 7 1
3 8 1
3 9 2
3 10 2
3 11 1
3 12 1
3 13 1
3 14 1
3 15 2
3 16 2
3 17 1
3 18 2
3 19 1
3 20 2
3 21 2
3 22 1
3 23 1
3 24 1
3 25 1
3 26 1
3 27 1
4 5 2
4 6 1
4 7 2
4 8 1
4 9 1
4 10 2
4 11 2
4 12 1
4 13 1
4 14 1
4 15 1
4 16 2
4 17 2
4 18 1
4 19 1
4 20 1
4 21 2
4 22 2
4 23 1
4 24 1
4 25 1
4 26 1
4 27 1
5 6 2
5 7 1
5 8 2
5 9 1
5 10 1
5 11 2
5 12 2
5 13 1
5 14 1
5 15 1
5 16 1
5 17 2
5 18 2
5 19 1
5 20 1
5 21 1
5 22 2
5 23 2
5 24 1
5 25 1
5 26 1
5 27 1
6 7 2
6 8 1
6 9 2
6 10 2
6 11 1
6 12 2
6 13 2
6 14 1
6 15 1
6 16 1
6 17 1
6 18 2
6 19 1
6 20 1
6 21 1
6 22 1
6 23 2
6 24 2
6 25 1
6 26 1
6 27 1
7 8 2
7 9 1
7 10 2
7 11 2
7 12 1
7 13 2
7 14 2
7 15 1
7 16 1
7 17 1
7 18 1
7 19 1
7 20 1
7 21 1
7 22 1
7 23 1
7 24 2
7 25 2
7 26 1
7 27 1
8 9 2
8 10 1
8 11 2
8 12 2
8 13 1
8 14 2
8 15 2
8 16 1
8 17 1
8 18 1
8 19 1
8 20 1
8 21 1
8 22 1
8 23 1
8 24 1
8 25 2
8 26 2
8 27 1
9 10 1
9 11 1
9 12 2
9 13 2
9 14 1
9 15 2
9 16 2
9 17 1
9 18 1
9 19 1
9 20 1
9 21 1
9 22 1
9 23 1
9 24 1
9 25 1
9 26 2
9 27 2
10 11 1
10 12 2
10 13 1
10 14 1
10 15 1
10 16 1
10 17 2
10 18 1
10 19 2
10 20 2
10 21 1
10 22 1
10 23 1
10 24 1
10 25 2
10 26 2
10 27 1
11 12 1
11 13 2
11 14 1
11 15 1
11 16 1
11 17 1
11 18 2
11 19 1
11 20 2
11 21 2
11 22 1
11 23 1
11 24 1
11 25 1
11 26 2
11 27 2
12 13 1
12 14 2
12 15 1
12 16 1
12 17 1
12 18 1
12 19 2
12 20 1
12 21 2
12 22 2
12 23 1
12 24 1
12 25 1
12 26 1
12 27 2
13 14 1
13 15 2
13 16 1
13 17 1
13 18 1
13 19 2
13 20 2
13 21 1
13 22 2
13 23 2
13 24 1
13 25 1
13 26 1
13 27 1
14 15 1
14 16 2
14 17 1
14 18 1
14 19 1
14 20 2
14 21 2
14 22 1
14 23 2
14 24 2
14 25 1
14 26 1
14 27 1
15 16 1
15 17 2
15 18 1
15 19 1
15 20 1
15 21 2
15 22 2
15 23 1
15 24 2
15 25 2
15 26 1
15 27 1
16 17 1
16 18 2
16 19 1
16 20 1
16 21 1
16 22 2
16 23 2
16 24 1
16 25 2
16 26 2
16 27 1
17 18 1
17 19 1
17 20 1
17 21 1
17 22 1
17 23 2
17 24 2
17 25 1
17 26 2
17 27 2
18 19 2
18 20 1
18 21 1
18 22 1
18 23 1
18 24 2
18 25 2
18 26 1
18 27 2
19 20 2
19 21 1
19 22 2
19 23 1
19 24 1
19 25 2
19 26 1
19 27 2
20 21 2
20 22 1
20 23 2
20 24 1
20 25 1
20 26 2
20 27 1
21 22 2
21 23 1
21 24 2
21 25 1
21 26 1
21 27 2
22 23 2
22 24 1
22 25 2
22 26 1
22 27 1
23 24 2
23 25 1
23 26 2
23 27 1
24 25 2
24 26 1
24 27 2
25 26 2
25 27 1
26 27 2
