# Coloring of K_30 for the cell R(K_{2,10}, K_{2,7}).
# Color 1 must contain no K_{2,10}: no 2-set with 10 common color-1 neighbors.
# Color 2 must contain no K_{2,7}: no 2-set with 7 common color-2 neighbors.
# Format: "i j c", one per line, vertices 1..30, color c in {1,2}, 435 edges.
# Found 2026-08-22 by prescribed-automorphism SAT search. Unconfirmed, not peer reviewed.
# spec: K2x10,K2x7
# name: K(2,10)/K(2,7) on K30
1 2 1
1 3 2
1 4 1
1 5 1
1 6 2
1 7 1
1 8 2
1 9 1
1 10 2
1 11 1
1 12 1
1 13 1
1 14 1
1 15 2
1 16 2
1 17 2
1 18 2
1 19 1
1 20 1
1 21 2
1 22 1
1 23 1
1 24 2
1 25 2
1 26 1
1 27 1
1 28 2
1 29 1
1 30 2
2 3 1
2 4 2
2 5 2
2 6 1
2 7 2
2 8 1
2 9 1
2 10 1
2 11 2
2 12 1
2 13 2
2 14 1
2 15 1
2 16 2
2 17 1
2 18 2
2 19 2
2 20 1
2 21 2
2 22 2
2 23 1
2 24 1
2 25 2
2 26 1
2 27 1
2 28 2
2 29 1
2 30 2
3 4 1
3 5 1
3 6 2
3 7 1
3 8 2
3 9 1
3 10 1
3 11 1
3 12 2
3 13 2
3 14 2
3 15 1
3 16 1
3 17 1
3 18 1
3 19 2
3 20 2
3 21 1
3 22 2
3 23 2
3 24 1
3 25 2
3 26 1
3 27 1
3 28 2
3 29 1
3 30 2
4 5 2
4 6 1
4 7 2
4 8 1
4 9 2
4 10 1
4 11 1
4 12 1
4 13 1
4 14 2
4 15 2
4 16 1
4 17 2
4 18 1
4 19 1
4 20 2
4 21 1
4 22 1
4 23 2
4 24 2
4 25 2
4 26 1
4 27 1
4 28 2
4 29 1
4 30 2
5 6 2
5 7 1
5 8 2
5 9 2
5 10 2
5 11 1
5 12 1
5 13 2
5 14 1
5 15 1
5 16 1
5 17 2
5 18 1
5 19 1
5 20 2
5 21 2
5 22 2
5 23 1
5 24 1
5 25 2
5 26 1
5 27 1
5 28 1
5 29 2
5 30 1
6 7 2
6 8 1
6 9 1
6 10 2
6 11 2
6 12 1
6 13 1
6 14 2
6 15 1
6 16 1
6 17 2
6 18 2
6 19 1
6 20 1
6 21 1
6 22 2
6 23 2
6 24 1
6 25 2
6 26 1
6 27 1
6 28 1
6 29 2
6 30 1
7 8 2
7 9 1
7 10 1
7 11 2
7 12 2
7 13 1
7 14 1
7 15 2
7 16 1
7 17 1
7 18 2
7 19 2
7 20 1
7 21 1
7 22 1
7 23 2
7 24 2
7 25 2
7 26 1
7 27 1
7 28 1
7 29 2
7 30 1
8 9 2
8 10 1
8 11 1
8 12 2
8 13 1
8 14 1
8 15 1
8 16 2
8 17 1
8 18 1
8 19 2
8 20 2
8 21 2
8 22 1
8 23 1
8 24 2
8 25 2
8 26 1
8 27 1
8 28 1
8 29 2
8 30 1
9 10 2
9 11 1
9 12 2
9 13 1
9 14 1
9 15 2
9 16 2
9 17 1
9 18 2
9 19 1
9 20 2
9 21 1
9 22 2
9 23 2
9 24 1
9 25 1
9 26 1
9 27 2
9 28 1
9 29 1
9 30 2
10 11 2
10 12 1
10 13 2
10 14 1
10 15 1
10 16 2
10 17 2
10 18 1
10 19 2
10 20 1
10 21 1
10 22 1
10 23 2
10 24 2
10 25 1
10 26 1
10 27 2
10 28 1
10 29 1
10 30 2
11 12 2
11 13 2
11 14 2
11 15 1
11 16 1
11 17 1
11 18 2
11 19 1
11 20 2
11 21 2
11 22 1
11 23 1
11 24 2
11 25 1
11 26 1
11 27 2
11 28 1
11 29 1
11 30 2
12 13 1
12 14 2
12 15 2
12 16 1
12 17 2
12 18 1
12 19 2
12 20 1
12 21 2
12 22 2
12 23 1
12 24 1
12 25 1
12 26 1
12 27 2
12 28 1
12 29 1
12 30 2
13 14 1
13 15 2
13 16 1
13 17 1
13 18 1
13 19 2
13 20 2
13 21 2
13 22 1
13 23 2
13 24 1
13 25 1
13 26 1
13 27 2
13 28 2
13 29 2
13 30 1
14 15 1
14 16 2
14 17 2
14 18 1
14 19 1
14 20 2
14 21 1
14 22 2
14 23 1
14 24 2
14 25 1
14 26 1
14 27 2
14 28 2
14 29 2
14 30 1
15 16 1
15 17 2
15 18 2
15 19 1
15 20 1
15 21 2
15 22 1
15 23 2
15 24 1
15 25 1
15 26 1
15 27 2
15 28 2
15 29 2
15 30 1
16 17 1
16 18 2
16 19 2
16 20 1
16 21 1
16 22 2
16 23 1
16 24 2
16 25 1
16 26 1
16 27 2
16 28 2
16 29 2
16 30 1
17 18 1
17 19 2
17 20 1
17 21 2
17 22 1
17 23 1
17 24 1
17 25 2
17 26 2
17 27 2
17 28 1
17 29 1
17 30 1
18 19 1
18 20 2
18 21 1
18 22 2
18 23 1
18 24 1
18 25 2
18 26 2
18 27 2
18 28 1
18 29 1
18 30 1
19 20 1
19 21 1
19 22 1
19 23 2
19 24 1
19 25 2
19 26 2
19 27 2
19 28 1
19 29 1
19 30 1
20 21 1
20 22 1
20 23 1
20 24 2
20 25 2
20 26 2
20 27 2
20 28 1
20 29 1
20 30 1
21 22 2
21 23 1
21 24 2
21 25 1
21 26 2
21 27 1
21 28 2
21 29 1
21 30 1
22 23 2
22 24 1
22 25 1
22 26 2
22 27 1
22 28 2
22 29 1
22 30 1
23 24 2
23 25 1
23 26 2
23 27 1
23 28 2
23 29 1
23 30 1
24 25 1
24 26 2
24 27 1
24 28 2
24 29 1
24 30 1
25 26 2
25 27 1
25 28 1
25 29 1
25 30 2
26 27 2
26 28 1
26 29 2
26 30 2
27 28 1
27 29 2
27 30 1
28 29 2
28 30 2
29 30 2
