# Coloring of K_25 for the cell R(K_{2,11}, K_{2,4}).
# Color 1 must contain no K_{2,11}: no 2-set with 11 common color-1 neighbors.
# Color 2 must contain no K_{2,4}: no 2-set with 4 common color-2 neighbors.
# Format: "i j c", one per line, vertices 1..25, color c in {1,2}, 300 edges.
# Found 2026-08-22 by prescribed-automorphism SAT search. Unconfirmed, not peer reviewed.
# spec: K2x11,K2x4
# name: K(2,11)/K(2,4) on K25
1 2 1
1 3 1
1 4 2
1 5 1
1 6 1
1 7 2
1 8 2
1 9 1
1 10 1
1 11 1
1 12 1
1 13 1
1 14 2
1 15 2
1 16 1
1 17 2
1 18 1
1 19 1
1 20 2
1 21 1
1 22 1
1 23 2
1 24 2
1 25 1
2 3 1
2 4 1
2 5 2
2 6 1
2 7 1
2 8 2
2 9 2
2 10 1
2 11 1
2 12 1
2 13 2
2 14 1
2 15 2
2 16 1
2 17 1
2 18 2
2 19 1
2 20 1
2 21 2
2 22 2
2 23 1
2 24 2
2 25 1
3 4 1
3 5 1
3 6 2
3 7 2
3 8 1
3 9 2
3 10 1
3 11 1
3 12 1
3 13 2
3 14 2
3 15 1
3 16 2
3 17 1
3 18 1
3 19 2
3 20 1
3 21 1
3 22 2
3 23 2
3 24 1
3 25 1
4 5 2
4 6 2
4 7 2
4 8 2
4 9 1
4 10 2
4 11 1
4 12 1
4 13 1
4 14 1
4 15 1
4 16 1
4 17 1
4 18 2
4 19 2
4 20 2
4 21 1
4 22 1
4 23 1
4 24 1
4 25 1
5 6 2
5 7 1
5 8 2
5 9 2
5 10 1
5 11 2
5 12 1
5 13 1
5 14 1
5 15 1
5 16 2
5 17 1
5 18 1
5 19 1
5 20 2
5 21 2
5 22 1
5 23 1
5 24 1
5 25 1
6 7 2
6 8 1
6 9 2
6 10 1
6 11 1
6 12 2
6 13 1
6 14 1
6 15 1
6 16 1
6 17 2
6 18 1
6 19 2
6 20 1
6 21 2
6 22 1
6 23 1
6 24 1
6 25 1
7 8 1
7 9 1
7 10 1
7 11 1
7 12 2
7 13 2
7 14 1
7 15 1
7 16 1
7 17 1
7 18 1
7 19 1
7 20 2
7 21 1
7 22 2
7 23 1
7 24 2
7 25 1
8 9 1
8 10 2
8 11 1
8 12 1
8 13 1
8 14 2
8 15 1
8 16 1
8 17 1
8 18 1
8 19 1
8 20 1
8 21 2
8 22 2
8 23 2
8 24 1
8 25 1
9 10 1
9 11 2
9 12 1
9 13 1
9 14 1
9 15 2
9 16 1
9 17 1
9 18 1
9 19 2
9 20 1
9 21 1
9 22 1
9 23 2
9 24 2
9 25 1
10 11 2
10 12 2
10 13 1
10 14 1
10 15 1
10 16 1
10 17 1
10 18 2
10 19 2
10 20 1
10 21 1
10 22 2
10 23 2
10 24 1
10 25 2
11 12 2
11 13 1
11 14 1
11 15 1
11 16 2
11 17 1
11 18 1
11 19 1
11 20 2
11 21 1
11 22 1
11 23 2
11 24 2
11 25 2
12 13 1
12 14 1
12 15 1
12 16 1
12 17 2
12 18 1
12 19 1
12 20 1
12 21 2
12 22 2
12 23 1
12 24 2
12 25 2
13 14 1
13 15 1
13 16 1
13 17 1
13 18 2
13 19 1
13 20 2
13 21 2
13 22 1
13 23 2
13 24 1
13 25 2
14 15 1
14 16 2
14 17 1
14 18 1
14 19 2
14 20 1
14 21 2
14 22 1
14 23 1
14 24 2
14 25 2
15 16 1
15 17 2
15 18 1
15 19 2
15 20 2
15 21 1
15 22 2
15 23 1
15 24 1
15 25 2
16 17 2
16 18 2
16 19 1
16 20 2
16 21 1
16 22 2
16 23 1
16 24 1
16 25 1
17 18 2
17 19 1
17 20 1
17 21 2
17 22 1
17 23 2
17 24 1
17 25 1
18 19 2
18 20 1
18 21 1
18 22 1
18 23 1
18 24 2
18 25 1
19 20 1
19 21 1
19 22 1
19 23 1
19 24 1
19 25 2
20 21 1
20 22 1
20 23 1
20 24 1
20 25 2
21 22 1
21 23 1
21 24 1
21 25 2
22 23 1
22 24 1
22 25 1
23 24 1
23 25 1
24 25 1
