# Coloring of K_21 for the cell R(K_{2,11}, K_{2,3}).
# Color 1 must contain no K_{2,11}: no 2-set with 11 common color-1 neighbors.
# Color 2 must contain no K_{2,3}: no 2-set with 3 common color-2 neighbors.
# Format: "i j c", one per line, vertices 1..21, color c in {1,2}, 210 edges.
# Unconfirmed, not peer reviewed. Nothing here is a claim.
# SAT witness for R(K2x11,K2x3) > 21: CaDiCaL model of the lex formula (gen_ramsey 21 K2x11,K2x3 --vertex-lex), 2026-09-09
# spec: K2x11,K2x3
# name: K(2,11)/K(2,3) on K21
1 2 1
1 3 1
1 4 1
1 5 1
1 6 1
1 7 1
1 8 1
1 9 1
1 10 1
1 11 1
1 12 1
1 13 1
1 14 1
1 15 1
1 16 2
1 17 2
1 18 2
1 19 2
1 20 2
1 21 2
2 3 1
2 4 1
2 5 1
2 6 1
2 7 1
2 8 1
2 9 1
2 10 2
2 11 2
2 12 2
2 13 2
2 14 2
2 15 2
2 16 1
2 17 1
2 18 1
2 19 1
2 20 1
2 21 1
3 4 1
3 5 1
3 6 2
3 7 2
3 8 2
3 9 2
3 10 1
3 11 1
3 12 1
3 13 1
3 14 1
3 15 1
3 16 1
3 17 1
3 18 1
3 19 1
3 20 2
3 21 2
4 5 2
4 6 1
4 7 1
4 8 2
4 9 2
4 10 1
4 11 1
4 12 1
4 13 1
4 14 2
4 15 2
4 16 1
4 17 1
4 18 1
4 19 2
4 20 1
4 21 1
5 6 2
5 7 2
5 8 1
5 9 1
5 10 1
5 11 1
5 12 2
5 13 2
5 14 1
5 15 1
5 16 1
5 17 1
5 18 2
5 19 1
5 20 1
5 21 1
6 7 1
6 8 1
6 9 1
6 10 1
6 11 2
6 12 1
6 13 2
6 14 1
6 15 1
6 16 1
6 17 2
6 18 1
6 19 1
6 20 1
6 21 2
7 8 1
7 9 1
7 10 2
7 11 1
7 12 1
7 13 1
7 14 1
7 15 2
7 16 2
7 17 1
7 18 2
7 19 1
7 20 1
7 21 1
8 9 1
8 10 1
8 11 2
8 12 2
8 13 1
8 14 1
8 15 1
8 16 2
8 17 1
8 18 1
8 19 2
8 20 1
8 21 1
9 10 2
9 11 1
9 12 1
9 13 1
9 14 2
9 15 1
9 16 1
9 17 2
9 18 1
9 19 1
9 20 2
9 21 1
10 11 1
10 12 1
10 13 2
10 14 1
10 15 1
10 16 1
10 17 2
10 18 1
10 19 2
10 20 1
10 21 1
11 12 1
11 13 1
11 14 2
11 15 1
11 16 1
11 17 2
11 18 2
11 19 1
11 20 1
11 21 1
12 13 2
12 14 1
12 15 1
12 16 2
12 17 1
12 18 1
12 19 1
12 20 2
12 21 1
13 14 1
13 15 1
13 16 1
13 17 1
13 18 1
13 19 2
13 20 1
13 21 2
14 15 2
14 16 1
14 17 1
14 18 2
14 19 1
14 20 2
14 21 1
15 16 2
15 17 1
15 18 1
15 19 1
15 20 1
15 21 2
16 17 2
16 18 1
16 19 1
16 20 1
16 21 1
17 18 1
17 19 1
17 20 1
17 21 1
18 19 1
18 20 2
18 21 1
19 20 1
19 21 2
20 21 2
