# SAT witness for R(K2x12,K2x5) > 28: CaDiCaL model of the base formula with a prescribed automorphism of order 7 (4 cycles of length 7, 0 fixed points), 2026-09-10
1 2 2
1 3 1
1 4 1
1 5 1
1 6 1
1 7 2
1 8 2
1 9 1
1 10 2
1 11 1
1 12 1
1 13 2
1 14 2
1 15 1
1 16 2
1 17 1
1 18 1
1 19 1
1 20 2
1 21 1
1 22 1
1 23 1
1 24 1
1 25 2
1 26 2
1 27 1
1 28 1
2 3 2
2 4 1
2 5 1
2 6 1
2 7 1
2 8 2
2 9 2
2 10 1
2 11 2
2 12 1
2 13 1
2 14 2
2 15 1
2 16 1
2 17 2
2 18 1
2 19 1
2 20 1
2 21 2
2 22 1
2 23 1
2 24 1
2 25 1
2 26 2
2 27 2
2 28 1
3 4 2
3 5 1
3 6 1
3 7 1
3 8 2
3 9 2
3 10 2
3 11 1
3 12 2
3 13 1
3 14 1
3 15 2
3 16 1
3 17 1
3 18 2
3 19 1
3 20 1
3 21 1
3 22 1
3 23 1
3 24 1
3 25 1
3 26 1
3 27 2
3 28 2
4 5 2
4 6 1
4 7 1
4 8 1
4 9 2
4 10 2
4 11 2
4 12 1
4 13 2
4 14 1
4 15 1
4 16 2
4 17 1
4 18 1
4 19 2
4 20 1
4 21 1
4 22 2
4 23 1
4 24 1
4 25 1
4 26 1
4 27 1
4 28 2
5 6 2
5 7 1
5 8 1
5 9 1
5 10 2
5 11 2
5 12 2
5 13 1
5 14 2
5 15 1
5 16 1
5 17 2
5 18 1
5 19 1
5 20 2
5 21 1
5 22 2
5 23 2
5 24 1
5 25 1
5 26 1
5 27 1
5 28 1
6 7 2
6 8 2
6 9 1
6 10 1
6 11 2
6 12 2
6 13 2
6 14 1
6 15 1
6 16 1
6 17 1
6 18 2
6 19 1
6 20 1
6 21 2
6 22 1
6 23 2
6 24 2
6 25 1
6 26 1
6 27 1
6 28 1
7 8 1
7 9 2
7 10 1
7 11 1
7 12 2
7 13 2
7 14 2
7 15 2
7 16 1
7 17 1
7 18 1
7 19 2
7 20 1
7 21 1
7 22 1
7 23 1
7 24 2
7 25 2
7 26 1
7 27 1
7 28 1
8 9 1
8 10 2
8 11 1
8 12 1
8 13 2
8 14 1
8 15 2
8 16 1
8 17 1
8 18 1
8 19 1
8 20 1
8 21 2
8 22 2
8 23 2
8 24 1
8 25 1
8 26 1
8 27 1
8 28 1
9 10 1
9 11 2
9 12 1
9 13 1
9 14 2
9 15 2
9 16 2
9 17 1
9 18 1
9 19 1
9 20 1
9 21 1
9 22 1
9 23 2
9 24 2
9 25 1
9 26 1
9 27 1
9 28 1
10 11 1
10 12 2
10 13 1
10 14 1
10 15 1
10 16 2
10 17 2
10 18 1
10 19 1
10 20 1
10 21 1
10 22 1
10 23 1
10 24 2
10 25 2
10 26 1
10 27 1
10 28 1
11 12 1
11 13 2
11 14 1
11 15 1
11 16 1
11 17 2
11 18 2
11 19 1
11 20 1
11 21 1
11 22 1
11 23 1
11 24 1
11 25 2
11 26 2
11 27 1
11 28 1
12 13 1
12 14 2
12 15 1
12 16 1
12 17 1
12 18 2
12 19 2
12 20 1
12 21 1
12 22 1
12 23 1
12 24 1
12 25 1
12 26 2
12 27 2
12 28 1
13 14 1
13 15 1
13 16 1
13 17 1
13 18 1
13 19 2
13 20 2
13 21 1
13 22 1
13 23 1
13 24 1
13 25 1
13 26 1
13 27 2
13 28 2
14 15 1
14 16 1
14 17 1
14 18 1
14 19 1
14 20 2
14 21 2
14 22 2
14 23 1
14 24 1
14 25 1
14 26 1
14 27 1
14 28 2
15 16 1
15 17 2
15 18 2
15 19 2
15 20 2
15 21 1
15 22 1
15 23 2
15 24 1
15 25 2
15 26 1
15 27 1
15 28 1
16 17 1
16 18 2
16 19 2
16 20 2
16 21 2
16 22 1
16 23 1
16 24 2
16 25 1
16 26 2
16 27 1
16 28 1
17 18 1
17 19 2
17 20 2
17 21 2
17 22 1
17 23 1
17 24 1
17 25 2
17 26 1
17 27 2
17 28 1
18 19 1
18 20 2
18 21 2
18 22 1
18 23 1
18 24 1
18 25 1
18 26 2
18 27 1
18 28 2
19 20 1
19 21 2
19 22 2
19 23 1
19 24 1
19 25 1
19 26 1
19 27 2
19 28 1
20 21 1
20 22 1
20 23 2
20 24 1
20 25 1
20 26 1
20 27 1
20 28 2
21 22 2
21 23 1
21 24 2
21 25 1
21 26 1
21 27 1
21 28 1
22 23 2
22 24 1
22 25 2
22 26 2
22 27 1
22 28 2
23 24 2
23 25 1
23 26 2
23 27 2
23 28 1
24 25 2
24 26 1
24 27 2
24 28 2
25 26 2
25 27 1
25 28 2
26 27 2
26 28 1
27 28 2
