# SAT witness for R(K2x15,K2x6) > 34: CaDiCaL model of the base formula with a prescribed automorphism of order 17 (2 cycles of length 17, 0 fixed points), 2026-09-10
1 2 1
1 3 1
1 4 1
1 5 2
1 6 1
1 7 2
1 8 1
1 9 1
1 10 1
1 11 1
1 12 2
1 13 1
1 14 2
1 15 1
1 16 1
1 17 1
1 18 1
1 19 1
1 20 1
1 21 2
1 22 1
1 23 1
1 24 2
1 25 2
1 26 1
1 27 1
1 28 2
1 29 2
1 30 2
1 31 2
1 32 1
1 33 2
1 34 1
2 3 1
2 4 1
2 5 1
2 6 2
2 7 1
2 8 2
2 9 1
2 10 1
2 11 1
2 12 1
2 13 2
2 14 1
2 15 2
2 16 1
2 17 1
2 18 1
2 19 1
2 20 1
2 21 1
2 22 2
2 23 1
2 24 1
2 25 2
2 26 2
2 27 1
2 28 1
2 29 2
2 30 2
2 31 2
2 32 2
2 33 1
2 34 2
3 4 1
3 5 1
3 6 1
3 7 2
3 8 1
3 9 2
3 10 1
3 11 1
3 12 1
3 13 1
3 14 2
3 15 1
3 16 2
3 17 1
3 18 2
3 19 1
3 20 1
3 21 1
3 22 1
3 23 2
3 24 1
3 25 1
3 26 2
3 27 2
3 28 1
3 29 1
3 30 2
3 31 2
3 32 2
3 33 2
3 34 1
4 5 1
4 6 1
4 7 1
4 8 2
4 9 1
4 10 2
4 11 1
4 12 1
4 13 1
4 14 1
4 15 2
4 16 1
4 17 2
4 18 1
4 19 2
4 20 1
4 21 1
4 22 1
4 23 1
4 24 2
4 25 1
4 26 1
4 27 2
4 28 2
4 29 1
4 30 1
4 31 2
4 32 2
4 33 2
4 34 2
5 6 1
5 7 1
5 8 1
5 9 2
5 10 1
5 11 2
5 12 1
5 13 1
5 14 1
5 15 1
5 16 2
5 17 1
5 18 2
5 19 1
5 20 2
5 21 1
5 22 1
5 23 1
5 24 1
5 25 2
5 26 1
5 27 1
5 28 2
5 29 2
5 30 1
5 31 1
5 32 2
5 33 2
5 34 2
6 7 1
6 8 1
6 9 1
6 10 2
6 11 1
6 12 2
6 13 1
6 14 1
6 15 1
6 16 1
6 17 2
6 18 2
6 19 2
6 20 1
6 21 2
6 22 1
6 23 1
6 24 1
6 25 1
6 26 2
6 27 1
6 28 1
6 29 2
6 30 2
6 31 1
6 32 1
6 33 2
6 34 2
7 8 1
7 9 1
7 10 1
7 11 2
7 12 1
7 13 2
7 14 1
7 15 1
7 16 1
7 17 1
7 18 2
7 19 2
7 20 2
7 21 1
7 22 2
7 23 1
7 24 1
7 25 1
7 26 1
7 27 2
7 28 1
7 29 1
7 30 2
7 31 2
7 32 1
7 33 1
7 34 2
8 9 1
8 10 1
8 11 1
8 12 2
8 13 1
8 14 2
8 15 1
8 16 1
8 17 1
8 18 2
8 19 2
8 20 2
8 21 2
8 22 1
8 23 2
8 24 1
8 25 1
8 26 1
8 27 1
8 28 2
8 29 1
8 30 1
8 31 2
8 32 2
8 33 1
8 34 1
9 10 1
9 11 1
9 12 1
9 13 2
9 14 1
9 15 2
9 16 1
9 17 1
9 18 1
9 19 2
9 20 2
9 21 2
9 22 2
9 23 1
9 24 2
9 25 1
9 26 1
9 27 1
9 28 1
9 29 2
9 30 1
9 31 1
9 32 2
9 33 2
9 34 1
10 11 1
10 12 1
10 13 1
10 14 2
10 15 1
10 16 2
10 17 1
10 18 1
10 19 1
10 20 2
10 21 2
10 22 2
10 23 2
10 24 1
10 25 2
10 26 1
10 27 1
10 28 1
10 29 1
10 30 2
10 31 1
10 32 1
10 33 2
10 34 2
11 12 1
11 13 1
11 14 1
11 15 2
11 16 1
11 17 2
11 18 2
11 19 1
11 20 1
11 21 2
11 22 2
11 23 2
11 24 2
11 25 1
11 26 2
11 27 1
11 28 1
11 29 1
11 30 1
11 31 2
11 32 1
11 33 1
11 34 2
12 13 1
12 14 1
12 15 1
12 16 2
12 17 1
12 18 2
12 19 2
12 20 1
12 21 1
12 22 2
12 23 2
12 24 2
12 25 2
12 26 1
12 27 2
12 28 1
12 29 1
12 30 1
12 31 1
12 32 2
12 33 1
12 34 1
13 14 1
13 15 1
13 16 1
13 17 2
13 18 1
13 19 2
13 20 2
13 21 1
13 22 1
13 23 2
13 24 2
13 25 2
13 26 2
13 27 1
13 28 2
13 29 1
13 30 1
13 31 1
13 32 1
13 33 2
13 34 1
14 15 1
14 16 1
14 17 1
14 18 1
14 19 1
14 20 2
14 21 2
14 22 1
14 23 1
14 24 2
14 25 2
14 26 2
14 27 2
14 28 1
14 29 2
14 30 1
14 31 1
14 32 1
14 33 1
14 34 2
15 16 1
15 17 1
15 18 2
15 19 1
15 20 1
15 21 2
15 22 2
15 23 1
15 24 1
15 25 2
15 26 2
15 27 2
15 28 2
15 29 1
15 30 2
15 31 1
15 32 1
15 33 1
15 34 1
16 17 1
16 18 1
16 19 2
16 20 1
16 21 1
16 22 2
16 23 2
16 24 1
16 25 1
16 26 2
16 27 2
16 28 2
16 29 2
16 30 1
16 31 2
16 32 1
16 33 1
16 34 1
17 18 1
17 19 1
17 20 2
17 21 1
17 22 1
17 23 2
17 24 2
17 25 1
17 26 1
17 27 2
17 28 2
17 29 2
17 30 2
17 31 1
17 32 2
17 33 1
17 34 1
18 19 1
18 20 2
18 21 1
18 22 1
18 23 1
18 24 1
18 25 1
18 26 2
18 27 2
18 28 1
18 29 1
18 30 1
18 31 1
18 32 1
18 33 2
18 34 1
19 20 1
19 21 2
19 22 1
19 23 1
19 24 1
19 25 1
19 26 1
19 27 2
19 28 2
19 29 1
19 30 1
19 31 1
19 32 1
19 33 1
19 34 2
20 21 1
20 22 2
20 23 1
20 24 1
20 25 1
20 26 1
20 27 1
20 28 2
20 29 2
20 30 1
20 31 1
20 32 1
20 33 1
20 34 1
21 22 1
21 23 2
21 24 1
21 25 1
21 26 1
21 27 1
21 28 1
21 29 2
21 30 2
21 31 1
21 32 1
21 33 1
21 34 1
22 23 1
22 24 2
22 25 1
22 26 1
22 27 1
22 28 1
22 29 1
22 30 2
22 31 2
22 32 1
22 33 1
22 34 1
23 24 1
23 25 2
23 26 1
23 27 1
23 28 1
23 29 1
23 30 1
23 31 2
23 32 2
23 33 1
23 34 1
24 25 1
24 26 2
24 27 1
24 28 1
24 29 1
24 30 1
24 31 1
24 32 2
24 33 2
24 34 1
25 26 1
25 27 2
25 28 1
25 29 1
25 30 1
25 31 1
25 32 1
25 33 2
25 34 2
26 27 1
26 28 2
26 29 1
26 30 1
26 31 1
26 32 1
26 33 1
26 34 2
27 28 1
27 29 2
27 30 1
27 31 1
27 32 1
27 33 1
27 34 1
28 29 1
28 30 2
28 31 1
28 32 1
28 33 1
28 34 1
29 30 1
29 31 2
29 32 1
29 33 1
29 34 1
30 31 1
30 32 2
30 33 1
30 34 1
31 32 1
31 33 2
31 34 1
32 33 1
32 34 2
33 34 1
