# Coloring of K_42 for the cell R(K_{2,14}, K_{2,9}).
# Color 1 must contain no K_{2,14}: no 2-set with 14 common color-1 neighbors.
# Color 2 must contain no K_{2,9}: no 2-set with 9 common color-2 neighbors.
# Format: "i j c", one per line, vertices 1..42, color c in {1,2}, 861 edges.
# Unconfirmed, not peer reviewed. Nothing here is a claim.
# SAT witness for R(K2x14,K2x9) > 42: CaDiCaL model of the base formula with a prescribed automorphism of order 21 (2 cycles of length 21, 0 fixed points), 2026-09-10
# spec: K2x14,K2x9
# name: K(2,14)/K(2,9) on K42
1 2 2
1 3 2
1 4 2
1 5 1
1 6 1
1 7 1
1 8 2
1 9 1
1 10 2
1 11 1
1 12 1
1 13 2
1 14 1
1 15 2
1 16 1
1 17 1
1 18 1
1 19 2
1 20 2
1 21 2
1 22 1
1 23 1
1 24 2
1 25 2
1 26 1
1 27 2
1 28 2
1 29 1
1 30 1
1 31 2
1 32 2
1 33 1
1 34 1
1 35 1
1 36 1
1 37 1
1 38 2
1 39 1
1 40 2
1 41 1
1 42 1
2 3 2
2 4 2
2 5 2
2 6 1
2 7 1
2 8 1
2 9 2
2 10 1
2 11 2
2 12 1
2 13 1
2 14 2
2 15 1
2 16 2
2 17 1
2 18 1
2 19 1
2 20 2
2 21 2
2 22 1
2 23 1
2 24 1
2 25 2
2 26 2
2 27 1
2 28 2
2 29 2
2 30 1
2 31 1
2 32 2
2 33 2
2 34 1
2 35 1
2 36 1
2 37 1
2 38 1
2 39 2
2 40 1
2 41 2
2 42 1
3 4 2
3 5 2
3 6 2
3 7 1
3 8 1
3 9 1
3 10 2
3 11 1
3 12 2
3 13 1
3 14 1
3 15 2
3 16 1
3 17 2
3 18 1
3 19 1
3 20 1
3 21 2
3 22 1
3 23 1
3 24 1
3 25 1
3 26 2
3 27 2
3 28 1
3 29 2
3 30 2
3 31 1
3 32 1
3 33 2
3 34 2
3 35 1
3 36 1
3 37 1
3 38 1
3 39 1
3 40 2
3 41 1
3 42 2
4 5 2
4 6 2
4 7 2
4 8 1
4 9 1
4 10 1
4 11 2
4 12 1
4 13 2
4 14 1
4 15 1
4 16 2
4 17 1
4 18 2
4 19 1
4 20 1
4 21 1
4 22 2
4 23 1
4 24 1
4 25 1
4 26 1
4 27 2
4 28 2
4 29 1
4 30 2
4 31 2
4 32 1
4 33 1
4 34 2
4 35 2
4 36 1
4 37 1
4 38 1
4 39 1
4 40 1
4 41 2
4 42 1
5 6 2
5 7 2
5 8 2
5 9 1
5 10 1
5 11 1
5 12 2
5 13 1
5 14 2
5 15 1
5 16 1
5 17 2
5 18 1
5 19 2
5 20 1
5 21 1
5 22 1
5 23 2
5 24 1
5 25 1
5 26 1
5 27 1
5 28 2
5 29 2
5 30 1
5 31 2
5 32 2
5 33 1
5 34 1
5 35 2
5 36 2
5 37 1
5 38 1
5 39 1
5 40 1
5 41 1
5 42 2
6 7 2
6 8 2
6 9 2
6 10 1
6 11 1
6 12 1
6 13 2
6 14 1
6 15 2
6 16 1
6 17 1
6 18 2
6 19 1
6 20 2
6 21 1
6 22 2
6 23 1
6 24 2
6 25 1
6 26 1
6 27 1
6 28 1
6 29 2
6 30 2
6 31 1
6 32 2
6 33 2
6 34 1
6 35 1
6 36 2
6 37 2
6 38 1
6 39 1
6 40 1
6 41 1
6 42 1
7 8 2
7 9 2
7 10 2
7 11 1
7 12 1
7 13 1
7 14 2
7 15 1
7 16 2
7 17 1
7 18 1
7 19 2
7 20 1
7 21 2
7 22 1
7 23 2
7 24 1
7 25 2
7 26 1
7 27 1
7 28 1
7 29 1
7 30 2
7 31 2
7 32 1
7 33 2
7 34 2
7 35 1
7 36 1
7 37 2
7 38 2
7 39 1
7 40 1
7 41 1
7 42 1
8 9 2
8 10 2
8 11 2
8 12 1
8 13 1
8 14 1
8 15 2
8 16 1
8 17 2
8 18 1
8 19 1
8 20 2
8 21 1
8 22 1
8 23 1
8 24 2
8 25 1
8 26 2
8 27 1
8 28 1
8 29 1
8 30 1
8 31 2
8 32 2
8 33 1
8 34 2
8 35 2
8 36 1
8 37 1
8 38 2
8 39 2
8 40 1
8 41 1
8 42 1
9 10 2
9 11 2
9 12 2
9 13 1
9 14 1
9 15 1
9 16 2
9 17 1
9 18 2
9 19 1
9 20 1
9 21 2
9 22 1
9 23 1
9 24 1
9 25 2
9 26 1
9 27 2
9 28 1
9 29 1
9 30 1
9 31 1
9 32 2
9 33 2
9 34 1
9 35 2
9 36 2
9 37 1
9 38 1
9 39 2
9 40 2
9 41 1
9 42 1
10 11 2
10 12 2
10 13 2
10 14 1
10 15 1
10 16 1
10 17 2
10 18 1
10 19 2
10 20 1
10 21 1
10 22 1
10 23 1
10 24 1
10 25 1
10 26 2
10 27 1
10 28 2
10 29 1
10 30 1
10 31 1
10 32 1
10 33 2
10 34 2
10 35 1
10 36 2
10 37 2
10 38 1
10 39 1
10 40 2
10 41 2
10 42 1
11 12 2
11 13 2
11 14 2
11 15 1
11 16 1
11 17 1
11 18 2
11 19 1
11 20 2
11 21 1
11 22 1
11 23 1
11 24 1
11 25 1
11 26 1
11 27 2
11 28 1
11 29 2
11 30 1
11 31 1
11 32 1
11 33 1
11 34 2
11 35 2
11 36 1
11 37 2
11 38 2
11 39 1
11 40 1
11 41 2
11 42 2
12 13 2
12 14 2
12 15 2
12 16 1
12 17 1
12 18 1
12 19 2
12 20 1
12 21 2
12 22 2
12 23 1
12 24 1
12 25 1
12 26 1
12 27 1
12 28 2
12 29 1
12 30 2
12 31 1
12 32 1
12 33 1
12 34 1
12 35 2
12 36 2
12 37 1
12 38 2
12 39 2
12 40 1
12 41 1
12 42 2
13 14 2
13 15 2
13 16 2
13 17 1
13 18 1
13 19 1
13 20 2
13 21 1
13 22 2
13 23 2
13 24 1
13 25 1
13 26 1
13 27 1
13 28 1
13 29 2
13 30 1
13 31 2
13 32 1
13 33 1
13 34 1
13 35 1
13 36 2
13 37 2
13 38 1
13 39 2
13 40 2
13 41 1
13 42 1
14 15 2
14 16 2
14 17 2
14 18 1
14 19 1
14 20 1
14 21 2
14 22 1
14 23 2
14 24 2
14 25 1
14 26 1
14 27 1
14 28 1
14 29 1
14 30 2
14 31 1
14 32 2
14 33 1
14 34 1
14 35 1
14 36 1
14 37 2
14 38 2
14 39 1
14 40 2
14 41 2
14 42 1
15 16 2
15 17 2
15 18 2
15 19 1
15 20 1
15 21 1
15 22 1
15 23 1
15 24 2
15 25 2
15 26 1
15 27 1
15 28 1
15 29 1
15 30 1
15 31 2
15 32 1
15 33 2
15 34 1
15 35 1
15 36 1
15 37 1
15 38 2
15 39 2
15 40 1
15 41 2
15 42 2
16 17 2
16 18 2
16 19 2
16 20 1
16 21 1
16 22 2
16 23 1
16 24 1
16 25 2
16 26 2
16 27 1
16 28 1
16 29 1
16 30 1
16 31 1
16 32 2
16 33 1
16 34 2
16 35 1
16 36 1
16 37 1
16 38 1
16 39 2
16 40 2
16 41 1
16 42 2
17 18 2
17 19 2
17 20 2
17 21 1
17 22 2
17 23 2
17 24 1
17 25 1
17 26 2
17 27 2
17 28 1
17 29 1
17 30 1
17 31 1
17 32 1
17 33 2
17 34 1
17 35 2
17 36 1
17 37 1
17 38 1
17 39 1
17 40 2
17 41 2
17 42 1
18 19 2
18 20 2
18 21 2
18 22 1
18 23 2
18 24 2
18 25 1
18 26 1
18 27 2
18 28 2
18 29 1
18 30 1
18 31 1
18 32 1
18 33 1
18 34 2
18 35 1
18 36 2
18 37 1
18 38 1
18 39 1
18 40 1
18 41 2
18 42 2
19 20 2
19 21 2
19 22 2
19 23 1
19 24 2
19 25 2
19 26 1
19 27 1
19 28 2
19 29 2
19 30 1
19 31 1
19 32 1
19 33 1
19 34 1
19 35 2
19 36 1
19 37 2
19 38 1
19 39 1
19 40 1
19 41 1
19 42 2
20 21 2
20 22 2
20 23 2
20 24 1
20 25 2
20 26 2
20 27 1
20 28 1
20 29 2
20 30 2
20 31 1
20 32 1
20 33 1
20 34 1
20 35 1
20 36 2
20 37 1
20 38 2
20 39 1
20 40 1
20 41 1
20 42 1
21 22 1
21 23 2
21 24 2
21 25 1
21 26 2
21 27 2
21 28 1
21 29 1
21 30 2
21 31 2
21 32 1
21 33 1
21 34 1
21 35 1
21 36 1
21 37 2
21 38 1
21 39 2
21 40 1
21 41 1
21 42 1
22 23 1
22 24 1
22 25 1
22 26 2
22 27 2
22 28 2
22 29 1
22 30 2
22 31 1
22 32 2
22 33 2
22 34 1
22 35 2
22 36 1
22 37 2
22 38 2
22 39 2
22 40 1
22 41 1
22 42 1
23 24 1
23 25 1
23 26 1
23 27 2
23 28 2
23 29 2
23 30 1
23 31 2
23 32 1
23 33 2
23 34 2
23 35 1
23 36 2
23 37 1
23 38 2
23 39 2
23 40 2
23 41 1
23 42 1
24 25 1
24 26 1
24 27 1
24 28 2
24 29 2
24 30 2
24 31 1
24 32 2
24 33 1
24 34 2
24 35 2
24 36 1
24 37 2
24 38 1
24 39 2
24 40 2
24 41 2
24 42 1
25 26 1
25 27 1
25 28 1
25 29 2
25 30 2
25 31 2
25 32 1
25 33 2
25 34 1
25 35 2
25 36 2
25 37 1
25 38 2
25 39 1
25 40 2
25 41 2
25 42 2
26 27 1
26 28 1
26 29 1
26 30 2
26 31 2
26 32 2
26 33 1
26 34 2
26 35 1
26 36 2
26 37 2
26 38 1
26 39 2
26 40 1
26 41 2
26 42 2
27 28 1
27 29 1
27 30 1
27 31 2
27 32 2
27 33 2
27 34 1
27 35 2
27 36 1
27 37 2
27 38 2
27 39 1
27 40 2
27 41 1
27 42 2
28 29 1
28 30 1
28 31 1
28 32 2
28 33 2
28 34 2
28 35 1
28 36 2
28 37 1
28 38 2
28 39 2
28 40 1
28 41 2
28 42 1
29 30 1
29 31 1
29 32 1
29 33 2
29 34 2
29 35 2
29 36 1
29 37 2
29 38 1
29 39 2
29 40 2
29 41 1
29 42 2
30 31 1
30 32 1
30 33 1
30 34 2
30 35 2
30 36 2
30 37 1
30 38 2
30 39 1
30 40 2
30 41 2
30 42 1
31 32 1
31 33 1
31 34 1
31 35 2
31 36 2
31 37 2
31 38 1
31 39 2
31 40 1
31 41 2
31 42 2
32 33 1
32 34 1
32 35 1
32 36 2
32 37 2
32 38 2
32 39 1
32 40 2
32 41 1
32 42 2
33 34 1
33 35 1
33 36 1
33 37 2
33 38 2
33 39 2
33 40 1
33 41 2
33 42 1
34 35 1
34 36 1
34 37 1
34 38 2
34 39 2
34 40 2
34 41 1
34 42 2
35 36 1
35 37 1
35 38 1
35 39 2
35 40 2
35 41 2
35 42 1
36 37 1
36 38 1
36 39 1
36 40 2
36 41 2
36 42 2
37 38 1
37 39 1
37 40 1
37 41 2
37 42 2
38 39 1
38 40 1
38 41 1
38 42 2
39 40 1
39 41 1
39 42 1
40 41 1
40 42 1
41 42 1
