# SAT witness for R(K2x12,K2x4) > 25: CaDiCaL model of the base formula with a prescribed automorphism of order 5 (5 cycles of length 5, 0 fixed points), 2026-09-10
1 2 1
1 3 1
1 4 1
1 5 1
1 6 1
1 7 1
1 8 2
1 9 2
1 10 1
1 11 1
1 12 1
1 13 1
1 14 2
1 15 1
1 16 2
1 17 2
1 18 1
1 19 2
1 20 1
1 21 1
1 22 2
1 23 2
1 24 1
1 25 1
2 3 1
2 4 1
2 5 1
2 6 1
2 7 1
2 8 1
2 9 2
2 10 2
2 11 1
2 12 1
2 13 1
2 14 1
2 15 2
2 16 1
2 17 2
2 18 2
2 19 1
2 20 2
2 21 1
2 22 1
2 23 2
2 24 2
2 25 1
3 4 1
3 5 1
3 6 2
3 7 1
3 8 1
3 9 1
3 10 2
3 11 2
3 12 1
3 13 1
3 14 1
3 15 1
3 16 2
3 17 1
3 18 2
3 19 2
3 20 1
3 21 1
3 22 1
3 23 1
3 24 2
3 25 2
4 5 1
4 6 2
4 7 2
4 8 1
4 9 1
4 10 1
4 11 1
4 12 2
4 13 1
4 14 1
4 15 1
4 16 1
4 17 2
4 18 1
4 19 2
4 20 2
4 21 2
4 22 1
4 23 1
4 24 1
4 25 2
5 6 1
5 7 2
5 8 2
5 9 1
5 10 1
5 11 1
5 12 1
5 13 2
5 14 1
5 15 1
5 16 2
5 17 1
5 18 2
5 19 1
5 20 2
5 21 2
5 22 2
5 23 1
5 24 1
5 25 1
6 7 1
6 8 1
6 9 1
6 10 1
6 11 1
6 12 1
6 13 1
6 14 2
6 15 1
6 16 2
6 17 1
6 18 1
6 19 1
6 20 2
6 21 2
6 22 1
6 23 2
6 24 2
6 25 1
7 8 1
7 9 1
7 10 1
7 11 1
7 12 1
7 13 1
7 14 1
7 15 2
7 16 2
7 17 2
7 18 1
7 19 1
7 20 1
7 21 1
7 22 2
7 23 1
7 24 2
7 25 2
8 9 1
8 10 1
8 11 2
8 12 1
8 13 1
8 14 1
8 15 1
8 16 1
8 17 2
8 18 2
8 19 1
8 20 1
8 21 2
8 22 1
8 23 2
8 24 1
8 25 2
9 10 1
9 11 1
9 12 2
9 13 1
9 14 1
9 15 1
9 16 1
9 17 1
9 18 2
9 19 2
9 20 1
9 21 2
9 22 2
9 23 1
9 24 2
9 25 1
10 11 1
10 12 1
10 13 2
10 14 1
10 15 1
10 16 1
10 17 1
10 18 1
10 19 2
10 20 2
10 21 1
10 22 2
10 23 2
10 24 1
10 25 2
11 12 2
11 13 1
11 14 1
11 15 2
11 16 1
11 17 1
11 18 1
11 19 1
11 20 2
11 21 1
11 22 2
11 23 1
11 24 2
11 25 1
12 13 2
12 14 1
12 15 1
12 16 2
12 17 1
12 18 1
12 19 1
12 20 1
12 21 1
12 22 1
12 23 2
12 24 1
12 25 2
13 14 2
13 15 1
13 16 1
13 17 2
13 18 1
13 19 1
13 20 1
13 21 2
13 22 1
13 23 1
13 24 2
13 25 1
14 15 2
14 16 1
14 17 1
14 18 2
14 19 1
14 20 1
14 21 1
14 22 2
14 23 1
14 24 1
14 25 2
15 16 1
15 17 1
15 18 1
15 19 2
15 20 1
15 21 2
15 22 1
15 23 2
15 24 1
15 25 1
16 17 1
16 18 1
16 19 1
16 20 1
16 21 1
16 22 2
16 23 2
16 24 1
16 25 1
17 18 1
17 19 1
17 20 1
17 21 1
17 22 1
17 23 2
17 24 2
17 25 1
18 19 1
18 20 1
18 21 1
18 22 1
18 23 1
18 24 2
18 25 2
19 20 1
19 21 2
19 22 1
19 23 1
19 24 1
19 25 2
20 21 2
20 22 2
20 23 1
20 24 1
20 25 1
21 22 1
21 23 1
21 24 1
21 25 1
22 23 1
22 24 1
22 25 1
23 24 1
23 25 1
24 25 1
