# Coloring of K_30 for the cell R(K_{2,12}, K_{2,6}).
# Color 1 must contain no K_{2,12}: no 2-set with 12 common color-1 neighbors.
# Color 2 must contain no K_{2,6}: no 2-set with 6 common color-2 neighbors.
# Format: "i j c", one per line, vertices 1..30, color c in {1,2}, 435 edges.
# Unconfirmed, not peer reviewed. Nothing here is a claim.
# SAT witness for R(K2x12,K2x6) > 30: CaDiCaL model of the base formula with a prescribed automorphism of order 15 (2 cycles of length 15, 0 fixed points), 2026-09-10
# spec: K2x12,K2x6
# name: K(2,12)/K(2,6) on K30
1 2 1
1 3 2
1 4 1
1 5 1
1 6 1
1 7 1
1 8 2
1 9 2
1 10 1
1 11 1
1 12 1
1 13 1
1 14 2
1 15 1
1 16 1
1 17 1
1 18 2
1 19 1
1 20 1
1 21 1
1 22 1
1 23 2
1 24 1
1 25 1
1 26 2
1 27 2
1 28 2
1 29 2
1 30 2
2 3 1
2 4 2
2 5 1
2 6 1
2 7 1
2 8 1
2 9 2
2 10 2
2 11 1
2 12 1
2 13 1
2 14 1
2 15 2
2 16 2
2 17 1
2 18 1
2 19 2
2 20 1
2 21 1
2 22 1
2 23 1
2 24 2
2 25 1
2 26 1
2 27 2
2 28 2
2 29 2
2 30 2
3 4 1
3 5 2
3 6 1
3 7 1
3 8 1
3 9 1
3 10 2
3 11 2
3 12 1
3 13 1
3 14 1
3 15 1
3 16 2
3 17 2
3 18 1
3 19 1
3 20 2
3 21 1
3 22 1
3 23 1
3 24 1
3 25 2
3 26 1
3 27 1
3 28 2
3 29 2
3 30 2
4 5 1
4 6 2
4 7 1
4 8 1
4 9 1
4 10 1
4 11 2
4 12 2
4 13 1
4 14 1
4 15 1
4 16 2
4 17 2
4 18 2
4 19 1
4 20 1
4 21 2
4 22 1
4 23 1
4 24 1
4 25 1
4 26 2
4 27 1
4 28 1
4 29 2
4 30 2
5 6 1
5 7 2
5 8 1
5 9 1
5 10 1
5 11 1
5 12 2
5 13 2
5 14 1
5 15 1
5 16 2
5 17 2
5 18 2
5 19 2
5 20 1
5 21 1
5 22 2
5 23 1
5 24 1
5 25 1
5 26 1
5 27 2
5 28 1
5 29 1
5 30 2
6 7 1
6 8 2
6 9 1
6 10 1
6 11 1
6 12 1
6 13 2
6 14 2
6 15 1
6 16 2
6 17 2
6 18 2
6 19 2
6 20 2
6 21 1
6 22 1
6 23 2
6 24 1
6 25 1
6 26 1
6 27 1
6 28 2
6 29 1
6 30 1
7 8 1
7 9 2
7 10 1
7 11 1
7 12 1
7 13 1
7 14 2
7 15 2
7 16 1
7 17 2
7 18 2
7 19 2
7 20 2
7 21 2
7 22 1
7 23 1
7 24 2
7 25 1
7 26 1
7 27 1
7 28 1
7 29 2
7 30 1
8 9 1
8 10 2
8 11 1
8 12 1
8 13 1
8 14 1
8 15 2
8 16 1
8 17 1
8 18 2
8 19 2
8 20 2
8 21 2
8 22 2
8 23 1
8 24 1
8 25 2
8 26 1
8 27 1
8 28 1
8 29 1
8 30 2
9 10 1
9 11 2
9 12 1
9 13 1
9 14 1
9 15 1
9 16 2
9 17 1
9 18 1
9 19 2
9 20 2
9 21 2
9 22 2
9 23 2
9 24 1
9 25 1
9 26 2
9 27 1
9 28 1
9 29 1
9 30 1
10 11 1
10 12 2
10 13 1
10 14 1
10 15 1
10 16 1
10 17 2
10 18 1
10 19 1
10 20 2
10 21 2
10 22 2
10 23 2
10 24 2
10 25 1
10 26 1
10 27 2
10 28 1
10 29 1
10 30 1
11 12 1
11 13 2
11 14 1
11 15 1
11 16 1
11 17 1
11 18 2
11 19 1
11 20 1
11 21 2
11 22 2
11 23 2
11 24 2
11 25 2
11 26 1
11 27 1
11 28 2
11 29 1
11 30 1
12 13 1
12 14 2
12 15 1
12 16 1
12 17 1
12 18 1
12 19 2
12 20 1
12 21 1
12 22 2
12 23 2
12 24 2
12 25 2
12 26 2
12 27 1
12 28 1
12 29 2
12 30 1
13 14 1
13 15 2
13 16 1
13 17 1
13 18 1
13 19 1
13 20 2
13 21 1
13 22 1
13 23 2
13 24 2
13 25 2
13 26 2
13 27 2
13 28 1
13 29 1
13 30 2
14 15 1
14 16 2
14 17 1
14 18 1
14 19 1
14 20 1
14 21 2
14 22 1
14 23 1
14 24 2
14 25 2
14 26 2
14 27 2
14 28 2
14 29 1
14 30 1
15 16 1
15 17 2
15 18 1
15 19 1
15 20 1
15 21 1
15 22 2
15 23 1
15 24 1
15 25 2
15 26 2
15 27 2
15 28 2
15 29 2
15 30 1
16 17 1
16 18 1
16 19 1
16 20 2
16 21 1
16 22 2
16 23 1
16 24 1
16 25 2
16 26 1
16 27 2
16 28 1
16 29 1
16 30 1
17 18 1
17 19 1
17 20 1
17 21 2
17 22 1
17 23 2
17 24 1
17 25 1
17 26 2
17 27 1
17 28 2
17 29 1
17 30 1
18 19 1
18 20 1
18 21 1
18 22 2
18 23 1
18 24 2
18 25 1
18 26 1
18 27 2
18 28 1
18 29 2
18 30 1
19 20 1
19 21 1
19 22 1
19 23 2
19 24 1
19 25 2
19 26 1
19 27 1
19 28 2
19 29 1
19 30 2
20 21 1
20 22 1
20 23 1
20 24 2
20 25 1
20 26 2
20 27 1
20 28 1
20 29 2
20 30 1
21 22 1
21 23 1
21 24 1
21 25 2
21 26 1
21 27 2
21 28 1
21 29 1
21 30 2
22 23 1
22 24 1
22 25 1
22 26 2
22 27 1
22 28 2
22 29 1
22 30 1
23 24 1
23 25 1
23 26 1
23 27 2
23 28 1
23 29 2
23 30 1
24 25 1
24 26 1
24 27 1
24 28 2
24 29 1
24 30 2
25 26 1
25 27 1
25 28 1
25 29 2
25 30 1
26 27 1
26 28 1
26 29 1
26 30 2
27 28 1
27 29 1
27 30 1
28 29 1
28 30 1
29 30 1
