# Coloring of K_40 for the cell R(K_{2,13}, K_{2,9}).
# Color 1 must contain no K_{2,13}: no 2-set with 13 common color-1 neighbors.
# Color 2 must contain no K_{2,9}: no 2-set with 9 common color-2 neighbors.
# Format: "i j c", one per line, vertices 1..40, color c in {1,2}, 780 edges.
# Unconfirmed, not peer reviewed. Nothing here is a claim.
# SAT witness for R(K2x13,K2x9) > 40: CaDiCaL model of the base formula with a prescribed automorphism of order 20 (2 cycles of length 20, 0 fixed points), 2026-09-10
# spec: K2x13,K2x9
# name: K(2,13)/K(2,9) on K40
1 2 2
1 3 1
1 4 2
1 5 1
1 6 1
1 7 1
1 8 2
1 9 2
1 10 1
1 11 2
1 12 1
1 13 2
1 14 2
1 15 1
1 16 1
1 17 1
1 18 2
1 19 1
1 20 2
1 21 1
1 22 1
1 23 2
1 24 2
1 25 1
1 26 2
1 27 1
1 28 1
1 29 1
1 30 1
1 31 1
1 32 1
1 33 1
1 34 2
1 35 1
1 36 1
1 37 2
1 38 2
1 39 2
1 40 2
2 3 2
2 4 1
2 5 2
2 6 1
2 7 1
2 8 1
2 9 2
2 10 2
2 11 1
2 12 2
2 13 1
2 14 2
2 15 2
2 16 1
2 17 1
2 18 1
2 19 2
2 20 1
2 21 2
2 22 1
2 23 1
2 24 2
2 25 2
2 26 1
2 27 2
2 28 1
2 29 1
2 30 1
2 31 1
2 32 1
2 33 1
2 34 1
2 35 2
2 36 1
2 37 1
2 38 2
2 39 2
2 40 2
3 4 2
3 5 1
3 6 2
3 7 1
3 8 1
3 9 1
3 10 2
3 11 2
3 12 1
3 13 2
3 14 1
3 15 2
3 16 2
3 17 1
3 18 1
3 19 1
3 20 2
3 21 2
3 22 2
3 23 1
3 24 1
3 25 2
3 26 2
3 27 1
3 28 2
3 29 1
3 30 1
3 31 1
3 32 1
3 33 1
3 34 1
3 35 1
3 36 2
3 37 1
3 38 1
3 39 2
3 40 2
4 5 2
4 6 1
4 7 2
4 8 1
4 9 1
4 10 1
4 11 2
4 12 2
4 13 1
4 14 2
4 15 1
4 16 2
4 17 2
4 18 1
4 19 1
4 20 1
4 21 2
4 22 2
4 23 2
4 24 1
4 25 1
4 26 2
4 27 2
4 28 1
4 29 2
4 30 1
4 31 1
4 32 1
4 33 1
4 34 1
4 35 1
4 36 1
4 37 2
4 38 1
4 39 1
4 40 2
5 6 2
5 7 1
5 8 2
5 9 1
5 10 1
5 11 1
5 12 2
5 13 2
5 14 1
5 15 2
5 16 1
5 17 2
5 18 2
5 19 1
5 20 1
5 21 2
5 22 2
5 23 2
5 24 2
5 25 1
5 26 1
5 27 2
5 28 2
5 29 1
5 30 2
5 31 1
5 32 1
5 33 1
5 34 1
5 35 1
5 36 1
5 37 1
5 38 2
5 39 1
5 40 1
6 7 2
6 8 1
6 9 2
6 10 1
6 11 1
6 12 1
6 13 2
6 14 2
6 15 1
6 16 2
6 17 1
6 18 2
6 19 2
6 20 1
6 21 1
6 22 2
6 23 2
6 24 2
6 25 2
6 26 1
6 27 1
6 28 2
6 29 2
6 30 1
6 31 2
6 32 1
6 33 1
6 34 1
6 35 1
6 36 1
6 37 1
6 38 1
6 39 2
6 40 1
7 8 2
7 9 1
7 10 2
7 11 1
7 12 1
7 13 1
7 14 2
7 15 2
7 16 1
7 17 2
7 18 1
7 19 2
7 20 2
7 21 1
7 22 1
7 23 2
7 24 2
7 25 2
7 26 2
7 27 1
7 28 1
7 29 2
7 30 2
7 31 1
7 32 2
7 33 1
7 34 1
7 35 1
7 36 1
7 37 1
7 38 1
7 39 1
7 40 2
8 9 2
8 10 1
8 11 2
8 12 1
8 13 1
8 14 1
8 15 2
8 16 2
8 17 1
8 18 2
8 19 1
8 20 2
8 21 2
8 22 1
8 23 1
8 24 2
8 25 2
8 26 2
8 27 2
8 28 1
8 29 1
8 30 2
8 31 2
8 32 1
8 33 2
8 34 1
8 35 1
8 36 1
8 37 1
8 38 1
8 39 1
8 40 1
9 10 2
9 11 1
9 12 2
9 13 1
9 14 1
9 15 1
9 16 2
9 17 2
9 18 1
9 19 2
9 20 1
9 21 1
9 22 2
9 23 1
9 24 1
9 25 2
9 26 2
9 27 2
9 28 2
9 29 1
9 30 1
9 31 2
9 32 2
9 33 1
9 34 2
9 35 1
9 36 1
9 37 1
9 38 1
9 39 1
9 40 1
10 11 2
10 12 1
10 13 2
10 14 1
10 15 1
10 16 1
10 17 2
10 18 2
10 19 1
10 20 2
10 21 1
10 22 1
10 23 2
10 24 1
10 25 1
10 26 2
10 27 2
10 28 2
10 29 2
10 30 1
10 31 1
10 32 2
10 33 2
10 34 1
10 35 2
10 36 1
10 37 1
10 38 1
10 39 1
10 40 1
11 12 2
11 13 1
11 14 2
11 15 1
11 16 1
11 17 1
11 18 2
11 19 2
11 20 1
11 21 1
11 22 1
11 23 1
11 24 2
11 25 1
11 26 1
11 27 2
11 28 2
11 29 2
11 30 2
11 31 1
11 32 1
11 33 2
11 34 2
11 35 1
11 36 2
11 37 1
11 38 1
11 39 1
11 40 1
12 13 2
12 14 1
12 15 2
12 16 1
12 17 1
12 18 1
12 19 2
12 20 2
12 21 1
12 22 1
12 23 1
12 24 1
12 25 2
12 26 1
12 27 1
12 28 2
12 29 2
12 30 2
12 31 2
12 32 1
12 33 1
12 34 2
12 35 2
12 36 1
12 37 2
12 38 1
12 39 1
12 40 1
13 14 2
13 15 1
13 16 2
13 17 1
13 18 1
13 19 1
13 20 2
13 21 1
13 22 1
13 23 1
13 24 1
13 25 1
13 26 2
13 27 1
13 28 1
13 29 2
13 30 2
13 31 2
13 32 2
13 33 1
13 34 1
13 35 2
13 36 2
13 37 1
13 38 2
13 39 1
13 40 1
14 15 2
14 16 1
14 17 2
14 18 1
14 19 1
14 20 1
14 21 1
14 22 1
14 23 1
14 24 1
14 25 1
14 26 1
14 27 2
14 28 1
14 29 1
14 30 2
14 31 2
14 32 2
14 33 2
14 34 1
14 35 1
14 36 2
14 37 2
14 38 1
14 39 2
14 40 1
15 16 2
15 17 1
15 18 2
15 19 1
15 20 1
15 21 1
15 22 1
15 23 1
15 24 1
15 25 1
15 26 1
15 27 1
15 28 2
15 29 1
15 30 1
15 31 2
15 32 2
15 33 2
15 34 2
15 35 1
15 36 1
15 37 2
15 38 2
15 39 1
15 40 2
16 17 2
16 18 1
16 19 2
16 20 1
16 21 2
16 22 1
16 23 1
16 24 1
16 25 1
16 26 1
16 27 1
16 28 1
16 29 2
16 30 1
16 31 1
16 32 2
16 33 2
16 34 2
16 35 2
16 36 1
16 37 1
16 38 2
16 39 2
16 40 1
17 18 2
17 19 1
17 20 2
17 21 1
17 22 2
17 23 1
17 24 1
17 25 1
17 26 1
17 27 1
17 28 1
17 29 1
17 30 2
17 31 1
17 32 1
17 33 2
17 34 2
17 35 2
17 36 2
17 37 1
17 38 1
17 39 2
17 40 2
18 19 2
18 20 1
18 21 2
18 22 1
18 23 2
18 24 1
18 25 1
18 26 1
18 27 1
18 28 1
18 29 1
18 30 1
18 31 2
18 32 1
18 33 1
18 34 2
18 35 2
18 36 2
18 37 2
18 38 1
18 39 1
18 40 2
19 20 2
19 21 2
19 22 2
19 23 1
19 24 2
19 25 1
19 26 1
19 27 1
19 28 1
19 29 1
19 30 1
19 31 1
19 32 2
19 33 1
19 34 1
19 35 2
19 36 2
19 37 2
19 38 2
19 39 1
19 40 1
20 21 1
20 22 2
20 23 2
20 24 1
20 25 2
20 26 1
20 27 1
20 28 1
20 29 1
20 30 1
20 31 1
20 32 1
20 33 2
20 34 1
20 35 1
20 36 2
20 37 2
20 38 2
20 39 2
20 40 1
21 22 1
21 23 2
21 24 1
21 25 2
21 26 2
21 27 2
21 28 1
21 29 1
21 30 2
21 31 1
21 32 2
21 33 1
21 34 1
21 35 2
21 36 2
21 37 2
21 38 1
21 39 2
21 40 1
22 23 1
22 24 2
22 25 1
22 26 2
22 27 2
22 28 2
22 29 1
22 30 1
22 31 2
22 32 1
22 33 2
22 34 1
22 35 1
22 36 2
22 37 2
22 38 2
22 39 1
22 40 2
23 24 1
23 25 2
23 26 1
23 27 2
23 28 2
23 29 2
23 30 1
23 31 1
23 32 2
23 33 1
23 34 2
23 35 1
23 36 1
23 37 2
23 38 2
23 39 2
23 40 1
24 25 1
24 26 2
24 27 1
24 28 2
24 29 2
24 30 2
24 31 1
24 32 1
24 33 2
24 34 1
24 35 2
24 36 1
24 37 1
24 38 2
24 39 2
24 40 2
25 26 1
25 27 2
25 28 1
25 29 2
25 30 2
25 31 2
25 32 1
25 33 1
25 34 2
25 35 1
25 36 2
25 37 1
25 38 1
25 39 2
25 40 2
26 27 1
26 28 2
26 29 1
26 30 2
26 31 2
26 32 2
26 33 1
26 34 1
26 35 2
26 36 1
26 37 2
26 38 1
26 39 1
26 40 2
27 28 1
27 29 2
27 30 1
27 31 2
27 32 2
27 33 2
27 34 1
27 35 1
27 36 2
27 37 1
27 38 2
27 39 1
27 40 1
28 29 1
28 30 2
28 31 1
28 32 2
28 33 2
28 34 2
28 35 1
28 36 1
28 37 2
28 38 1
28 39 2
28 40 1
29 30 1
29 31 2
29 32 1
29 33 2
29 34 2
29 35 2
29 36 1
29 37 1
29 38 2
29 39 1
29 40 2
30 31 1
30 32 2
30 33 1
30 34 2
30 35 2
30 36 2
30 37 1
30 38 1
30 39 2
30 40 1
31 32 1
31 33 2
31 34 1
31 35 2
31 36 2
31 37 2
31 38 1
31 39 1
31 40 2
32 33 1
32 34 2
32 35 1
32 36 2
32 37 2
32 38 2
32 39 1
32 40 1
33 34 1
33 35 2
33 36 1
33 37 2
33 38 2
33 39 2
33 40 1
34 35 1
34 36 2
34 37 1
34 38 2
34 39 2
34 40 2
35 36 1
35 37 2
35 38 1
35 39 2
35 40 2
36 37 1
36 38 2
36 39 1
36 40 2
37 38 1
37 39 2
37 40 1
38 39 1
38 40 2
39 40 1
