# Coloring of K_36 for the cell R(K_{2,12}, K_{2,8}).
# Color 1 must contain no K_{2,12}: no 2-set with 12 common color-1 neighbors.
# Color 2 must contain no K_{2,8}: no 2-set with 8 common color-2 neighbors.
# Format: "i j c", one per line, vertices 1..36, color c in {1,2}, 630 edges.
# Unconfirmed, not peer reviewed. Nothing here is a claim.
# SAT witness for R(K2x12,K2x8) > 36: CaDiCaL model of the base formula with a prescribed automorphism of order 18 (2 cycles of length 18, 0 fixed points), 2026-09-10
# spec: K2x12,K2x8
# name: K(2,12)/K(2,8) on K36
1 2 1
1 3 1
1 4 1
1 5 2
1 6 2
1 7 1
1 8 2
1 9 2
1 10 1
1 11 2
1 12 2
1 13 1
1 14 2
1 15 2
1 16 1
1 17 1
1 18 1
1 19 2
1 20 1
1 21 2
1 22 1
1 23 1
1 24 1
1 25 2
1 26 2
1 27 2
1 28 1
1 29 1
1 30 1
1 31 1
1 32 2
1 33 1
1 34 1
1 35 2
1 36 1
2 3 1
2 4 1
2 5 1
2 6 2
2 7 2
2 8 1
2 9 2
2 10 2
2 11 1
2 12 2
2 13 2
2 14 1
2 15 2
2 16 2
2 17 1
2 18 1
2 19 1
2 20 2
2 21 1
2 22 2
2 23 1
2 24 1
2 25 1
2 26 2
2 27 2
2 28 2
2 29 1
2 30 1
2 31 1
2 32 1
2 33 2
2 34 1
2 35 1
2 36 2
3 4 1
3 5 1
3 6 1
3 7 2
3 8 2
3 9 1
3 10 2
3 11 2
3 12 1
3 13 2
3 14 2
3 15 1
3 16 2
3 17 2
3 18 1
3 19 2
3 20 1
3 21 2
3 22 1
3 23 2
3 24 1
3 25 1
3 26 1
3 27 2
3 28 2
3 29 2
3 30 1
3 31 1
3 32 1
3 33 1
3 34 2
3 35 1
3 36 1
4 5 1
4 6 1
4 7 1
4 8 2
4 9 2
4 10 1
4 11 2
4 12 2
4 13 1
4 14 2
4 15 2
4 16 1
4 17 2
4 18 2
4 19 1
4 20 2
4 21 1
4 22 2
4 23 1
4 24 2
4 25 1
4 26 1
4 27 1
4 28 2
4 29 2
4 30 2
4 31 1
4 32 1
4 33 1
4 34 1
4 35 2
4 36 1
5 6 1
5 7 1
5 8 1
5 9 2
5 10 2
5 11 1
5 12 2
5 13 2
5 14 1
5 15 2
5 16 2
5 17 1
5 18 2
5 19 1
5 20 1
5 21 2
5 22 1
5 23 2
5 24 1
5 25 2
5 26 1
5 27 1
5 28 1
5 29 2
5 30 2
5 31 2
5 32 1
5 33 1
5 34 1
5 35 1
5 36 2
6 7 1
6 8 1
6 9 1
6 10 2
6 11 2
6 12 1
6 13 2
6 14 2
6 15 1
6 16 2
6 17 2
6 18 1
6 19 2
6 20 1
6 21 1
6 22 2
6 23 1
6 24 2
6 25 1
6 26 2
6 27 1
6 28 1
6 29 1
6 30 2
6 31 2
6 32 2
6 33 1
6 34 1
6 35 1
6 36 1
7 8 1
7 9 1
7 10 1
7 11 2
7 12 2
7 13 1
7 14 2
7 15 2
7 16 1
7 17 2
7 18 2
7 19 1
7 20 2
7 21 1
7 22 1
7 23 2
7 24 1
7 25 2
7 26 1
7 27 2
7 28 1
7 29 1
7 30 1
7 31 2
7 32 2
7 33 2
7 34 1
7 35 1
7 36 1
8 9 1
8 10 1
8 11 1
8 12 2
8 13 2
8 14 1
8 15 2
8 16 2
8 17 1
8 18 2
8 19 1
8 20 1
8 21 2
8 22 1
8 23 1
8 24 2
8 25 1
8 26 2
8 27 1
8 28 2
8 29 1
8 30 1
8 31 1
8 32 2
8 33 2
8 34 2
8 35 1
8 36 1
9 10 1
9 11 1
9 12 1
9 13 2
9 14 2
9 15 1
9 16 2
9 17 2
9 18 1
9 19 1
9 20 1
9 21 1
9 22 2
9 23 1
9 24 1
9 25 2
9 26 1
9 27 2
9 28 1
9 29 2
9 30 1
9 31 1
9 32 1
9 33 2
9 34 2
9 35 2
9 36 1
10 11 1
10 12 1
10 13 1
10 14 2
10 15 2
10 16 1
10 17 2
10 18 2
10 19 1
10 20 1
10 21 1
10 22 1
10 23 2
10 24 1
10 25 1
10 26 2
10 27 1
10 28 2
10 29 1
10 30 2
10 31 1
10 32 1
10 33 1
10 34 2
10 35 2
10 36 2
11 12 1
11 13 1
11 14 1
11 15 2
11 16 2
11 17 1
11 18 2
11 19 2
11 20 1
11 21 1
11 22 1
11 23 1
11 24 2
11 25 1
11 26 1
11 27 2
11 28 1
11 29 2
11 30 1
11 31 2
11 32 1
11 33 1
11 34 1
11 35 2
11 36 2
12 13 1
12 14 1
12 15 1
12 16 2
12 17 2
12 18 1
12 19 2
12 20 2
12 21 1
12 22 1
12 23 1
12 24 1
12 25 2
12 26 1
12 27 1
12 28 2
12 29 1
12 30 2
12 31 1
12 32 2
12 33 1
12 34 1
12 35 1
12 36 2
13 14 1
13 15 1
13 16 1
13 17 2
13 18 2
13 19 2
13 20 2
13 21 2
13 22 1
13 23 1
13 24 1
13 25 1
13 26 2
13 27 1
13 28 1
13 29 2
13 30 1
13 31 2
13 32 1
13 33 2
13 34 1
13 35 1
13 36 1
14 15 1
14 16 1
14 17 1
14 18 2
14 19 1
14 20 2
14 21 2
14 22 2
14 23 1
14 24 1
14 25 1
14 26 1
14 27 2
14 28 1
14 29 1
14 30 2
14 31 1
14 32 2
14 33 1
14 34 2
14 35 1
14 36 1
15 16 1
15 17 1
15 18 1
15 19 1
15 20 1
15 21 2
15 22 2
15 23 2
15 24 1
15 25 1
15 26 1
15 27 1
15 28 2
15 29 1
15 30 1
15 31 2
15 32 1
15 33 2
15 34 1
15 35 2
15 36 1
16 17 1
16 18 1
16 19 1
16 20 1
16 21 1
16 22 2
16 23 2
16 24 2
16 25 1
16 26 1
16 27 1
16 28 1
16 29 2
16 30 1
16 31 1
16 32 2
16 33 1
16 34 2
16 35 1
16 36 2
17 18 1
17 19 2
17 20 1
17 21 1
17 22 1
17 23 2
17 24 2
17 25 2
17 26 1
17 27 1
17 28 1
17 29 1
17 30 2
17 31 1
17 32 1
17 33 2
17 34 1
17 35 2
17 36 1
18 19 1
18 20 2
18 21 1
18 22 1
18 23 1
18 24 2
18 25 2
18 26 2
18 27 1
18 28 1
18 29 1
18 30 1
18 31 2
18 32 1
18 33 1
18 34 2
18 35 1
18 36 2
19 20 2
19 21 2
19 22 2
19 23 1
19 24 1
19 25 2
19 26 1
19 27 1
19 28 2
19 29 1
19 30 1
19 31 2
19 32 1
19 33 1
19 34 2
19 35 2
19 36 2
20 21 2
20 22 2
20 23 2
20 24 1
20 25 1
20 26 2
20 27 1
20 28 1
20 29 2
20 30 1
20 31 1
20 32 2
20 33 1
20 34 1
20 35 2
20 36 2
21 22 2
21 23 2
21 24 2
21 25 1
21 26 1
21 27 2
21 28 1
21 29 1
21 30 2
21 31 1
21 32 1
21 33 2
21 34 1
21 35 1
21 36 2
22 23 2
22 24 2
22 25 2
22 26 1
22 27 1
22 28 2
22 29 1
22 30 1
22 31 2
22 32 1
22 33 1
22 34 2
22 35 1
22 36 1
23 24 2
23 25 2
23 26 2
23 27 1
23 28 1
23 29 2
23 30 1
23 31 1
23 32 2
23 33 1
23 34 1
23 35 2
23 36 1
24 25 2
24 26 2
24 27 2
24 28 1
24 29 1
24 30 2
24 31 1
24 32 1
24 33 2
24 34 1
24 35 1
24 36 2
25 26 2
25 27 2
25 28 2
25 29 1
25 30 1
25 31 2
25 32 1
25 33 1
25 34 2
25 35 1
25 36 1
26 27 2
26 28 2
26 29 2
26 30 1
26 31 1
26 32 2
26 33 1
26 34 1
26 35 2
26 36 1
27 28 2
27 29 2
27 30 2
27 31 1
27 32 1
27 33 2
27 34 1
27 35 1
27 36 2
28 29 2
28 30 2
28 31 2
28 32 1
28 33 1
28 34 2
28 35 1
28 36 1
29 30 2
29 31 2
29 32 2
29 33 1
29 34 1
29 35 2
29 36 1
30 31 2
30 32 2
30 33 2
30 34 1
30 35 1
30 36 2
31 32 2
31 33 2
31 34 2
31 35 1
31 36 1
32 33 2
32 34 2
32 35 2
32 36 1
33 34 2
33 35 2
33 36 2
34 35 2
34 36 2
35 36 2
