# Coloring of K_28 for the cell R(K_{2,14}, K_{2,4}).
# Color 1 must contain no K_{2,14}: no 2-set with 14 common color-1 neighbors.
# Color 2 must contain no K_{2,4}: no 2-set with 4 common color-2 neighbors.
# Format: "i j c", one per line, vertices 1..28, color c in {1,2}, 378 edges.
# Unconfirmed, not peer reviewed. Nothing here is a claim.
# SAT witness for R(K2x14,K2x4) > 28: CaDiCaL model of the base formula with a prescribed automorphism of order 14 (2 cycles of length 14, 0 fixed points), 2026-09-10
# spec: K2x14,K2x4
# name: K(2,14)/K(2,4) on K28
1 2 2
1 3 2
1 4 1
1 5 1
1 6 1
1 7 1
1 8 2
1 9 1
1 10 1
1 11 1
1 12 1
1 13 2
1 14 2
1 15 2
1 16 2
1 17 1
1 18 2
1 19 1
1 20 2
1 21 1
1 22 1
1 23 1
1 24 1
1 25 1
1 26 1
1 27 1
1 28 1
2 3 2
2 4 2
2 5 1
2 6 1
2 7 1
2 8 1
2 9 2
2 10 1
2 11 1
2 12 1
2 13 1
2 14 2
2 15 1
2 16 2
2 17 2
2 18 1
2 19 2
2 20 1
2 21 2
2 22 1
2 23 1
2 24 1
2 25 1
2 26 1
2 27 1
2 28 1
3 4 2
3 5 2
3 6 1
3 7 1
3 8 1
3 9 1
3 10 2
3 11 1
3 12 1
3 13 1
3 14 1
3 15 1
3 16 1
3 17 2
3 18 2
3 19 1
3 20 2
3 21 1
3 22 2
3 23 1
3 24 1
3 25 1
3 26 1
3 27 1
3 28 1
4 5 2
4 6 2
4 7 1
4 8 1
4 9 1
4 10 1
4 11 2
4 12 1
4 13 1
4 14 1
4 15 1
4 16 1
4 17 1
4 18 2
4 19 2
4 20 1
4 21 2
4 22 1
4 23 2
4 24 1
4 25 1
4 26 1
4 27 1
4 28 1
5 6 2
5 7 2
5 8 1
5 9 1
5 10 1
5 11 1
5 12 2
5 13 1
5 14 1
5 15 1
5 16 1
5 17 1
5 18 1
5 19 2
5 20 2
5 21 1
5 22 2
5 23 1
5 24 2
5 25 1
5 26 1
5 27 1
5 28 1
6 7 2
6 8 2
6 9 1
6 10 1
6 11 1
6 12 1
6 13 2
6 14 1
6 15 1
6 16 1
6 17 1
6 18 1
6 19 1
6 20 2
6 21 2
6 22 1
6 23 2
6 24 1
6 25 2
6 26 1
6 27 1
6 28 1
7 8 2
7 9 2
7 10 1
7 11 1
7 12 1
7 13 1
7 14 2
7 15 1
7 16 1
7 17 1
7 18 1
7 19 1
7 20 1
7 21 2
7 22 2
7 23 1
7 24 2
7 25 1
7 26 2
7 27 1
7 28 1
8 9 2
8 10 2
8 11 1
8 12 1
8 13 1
8 14 1
8 15 1
8 16 1
8 17 1
8 18 1
8 19 1
8 20 1
8 21 1
8 22 2
8 23 2
8 24 1
8 25 2
8 26 1
8 27 2
8 28 1
9 10 2
9 11 2
9 12 1
9 13 1
9 14 1
9 15 1
9 16 1
9 17 1
9 18 1
9 19 1
9 20 1
9 21 1
9 22 1
9 23 2
9 24 2
9 25 1
9 26 2
9 27 1
9 28 2
10 11 2
10 12 2
10 13 1
10 14 1
10 15 2
10 16 1
10 17 1
10 18 1
10 19 1
10 20 1
10 21 1
10 22 1
10 23 1
10 24 2
10 25 2
10 26 1
10 27 2
10 28 1
11 12 2
11 13 2
11 14 1
11 15 1
11 16 2
11 17 1
11 18 1
11 19 1
11 20 1
11 21 1
11 22 1
11 23 1
11 24 1
11 25 2
11 26 2
11 27 1
11 28 2
12 13 2
12 14 2
12 15 2
12 16 1
12 17 2
12 18 1
12 19 1
12 20 1
12 21 1
12 22 1
12 23 1
12 24 1
12 25 1
12 26 2
12 27 2
12 28 1
13 14 2
13 15 1
13 16 2
13 17 1
13 18 2
13 19 1
13 20 1
13 21 1
13 22 1
13 23 1
13 24 1
13 25 1
13 26 1
13 27 2
13 28 2
14 15 2
14 16 1
14 17 2
14 18 1
14 19 2
14 20 1
14 21 1
14 22 1
14 23 1
14 24 1
14 25 1
14 26 1
14 27 1
14 28 2
15 16 1
15 17 1
15 18 1
15 19 1
15 20 2
15 21 2
15 22 1
15 23 2
15 24 2
15 25 1
15 26 1
15 27 1
15 28 1
16 17 1
16 18 1
16 19 1
16 20 1
16 21 2
16 22 2
16 23 1
16 24 2
16 25 2
16 26 1
16 27 1
16 28 1
17 18 1
17 19 1
17 20 1
17 21 1
17 22 2
17 23 2
17 24 1
17 25 2
17 26 2
17 27 1
17 28 1
18 19 1
18 20 1
18 21 1
18 22 1
18 23 2
18 24 2
18 25 1
18 26 2
18 27 2
18 28 1
19 20 1
19 21 1
19 22 1
19 23 1
19 24 2
19 25 2
19 26 1
19 27 2
19 28 2
20 21 1
20 22 1
20 23 1
20 24 1
20 25 2
20 26 2
20 27 1
20 28 2
21 22 1
21 23 1
21 24 1
21 25 1
21 26 2
21 27 2
21 28 1
22 23 1
22 24 1
22 25 1
22 26 1
22 27 2
22 28 2
23 24 1
23 25 1
23 26 1
23 27 1
23 28 2
24 25 1
24 26 1
24 27 1
24 28 1
25 26 1
25 27 1
25 28 1
26 27 1
26 28 1
27 28 1
