# SAT witness for R(K2x14,K2x6) > 33: CaDiCaL model of the base formula with a prescribed automorphism of order 11 (3 cycles of length 11, 0 fixed points), 2026-09-10
1 2 2
1 3 1
1 4 1
1 5 1
1 6 1
1 7 1
1 8 1
1 9 1
1 10 1
1 11 2
1 12 1
1 13 1
1 14 1
1 15 2
1 16 1
1 17 2
1 18 1
1 19 1
1 20 2
1 21 2
1 22 1
1 23 2
1 24 1
1 25 2
1 26 2
1 27 1
1 28 1
1 29 2
1 30 1
1 31 1
1 32 2
1 33 2
2 3 2
2 4 1
2 5 1
2 6 1
2 7 1
2 8 1
2 9 1
2 10 1
2 11 1
2 12 1
2 13 1
2 14 1
2 15 1
2 16 2
2 17 1
2 18 2
2 19 1
2 20 1
2 21 2
2 22 2
2 23 2
2 24 2
2 25 1
2 26 2
2 27 2
2 28 1
2 29 1
2 30 2
2 31 1
2 32 1
2 33 2
3 4 2
3 5 1
3 6 1
3 7 1
3 8 1
3 9 1
3 10 1
3 11 1
3 12 2
3 13 1
3 14 1
3 15 1
3 16 1
3 17 2
3 18 1
3 19 2
3 20 1
3 21 1
3 22 2
3 23 2
3 24 2
3 25 2
3 26 1
3 27 2
3 28 2
3 29 1
3 30 1
3 31 2
3 32 1
3 33 1
4 5 2
4 6 1
4 7 1
4 8 1
4 9 1
4 10 1
4 11 1
4 12 2
4 13 2
4 14 1
4 15 1
4 16 1
4 17 1
4 18 2
4 19 1
4 20 2
4 21 1
4 22 1
4 23 1
4 24 2
4 25 2
4 26 2
4 27 1
4 28 2
4 29 2
4 30 1
4 31 1
4 32 2
4 33 1
5 6 2
5 7 1
5 8 1
5 9 1
5 10 1
5 11 1
5 12 1
5 13 2
5 14 2
5 15 1
5 16 1
5 17 1
5 18 1
5 19 2
5 20 1
5 21 2
5 22 1
5 23 1
5 24 1
5 25 2
5 26 2
5 27 2
5 28 1
5 29 2
5 30 2
5 31 1
5 32 1
5 33 2
6 7 2
6 8 1
6 9 1
6 10 1
6 11 1
6 12 1
6 13 1
6 14 2
6 15 2
6 16 1
6 17 1
6 18 1
6 19 1
6 20 2
6 21 1
6 22 2
6 23 2
6 24 1
6 25 1
6 26 2
6 27 2
6 28 2
6 29 1
6 30 2
6 31 2
6 32 1
6 33 1
7 8 2
7 9 1
7 10 1
7 11 1
7 12 2
7 13 1
7 14 1
7 15 2
7 16 2
7 17 1
7 18 1
7 19 1
7 20 1
7 21 2
7 22 1
7 23 1
7 24 2
7 25 1
7 26 1
7 27 2
7 28 2
7 29 2
7 30 1
7 31 2
7 32 2
7 33 1
8 9 2
8 10 1
8 11 1
8 12 1
8 13 2
8 14 1
8 15 1
8 16 2
8 17 2
8 18 1
8 19 1
8 20 1
8 21 1
8 22 2
8 23 1
8 24 1
8 25 2
8 26 1
8 27 1
8 28 2
8 29 2
8 30 2
8 31 1
8 32 2
8 33 2
9 10 2
9 11 1
9 12 2
9 13 1
9 14 2
9 15 1
9 16 1
9 17 2
9 18 2
9 19 1
9 20 1
9 21 1
9 22 1
9 23 2
9 24 1
9 25 1
9 26 2
9 27 1
9 28 1
9 29 2
9 30 2
9 31 2
9 32 1
9 33 2
10 11 2
10 12 1
10 13 2
10 14 1
10 15 2
10 16 1
10 17 1
10 18 2
10 19 2
10 20 1
10 21 1
10 22 1
10 23 2
10 24 2
10 25 1
10 26 1
10 27 2
10 28 1
10 29 1
10 30 2
10 31 2
10 32 2
10 33 1
11 12 1
11 13 1
11 14 2
11 15 1
11 16 2
11 17 1
11 18 1
11 19 2
11 20 2
11 21 1
11 22 1
11 23 1
11 24 2
11 25 2
11 26 1
11 27 1
11 28 2
11 29 1
11 30 1
11 31 2
11 32 2
11 33 2
12 13 1
12 14 1
12 15 2
12 16 2
12 17 1
12 18 1
12 19 2
12 20 2
12 21 1
12 22 1
12 23 2
12 24 1
12 25 1
12 26 1
12 27 1
12 28 1
12 29 2
12 30 1
12 31 2
12 32 1
12 33 2
13 14 1
13 15 1
13 16 2
13 17 2
13 18 1
13 19 1
13 20 2
13 21 2
13 22 1
13 23 2
13 24 2
13 25 1
13 26 1
13 27 1
13 28 1
13 29 1
13 30 2
13 31 1
13 32 2
13 33 1
14 15 1
14 16 1
14 17 2
14 18 2
14 19 1
14 20 1
14 21 2
14 22 2
14 23 1
14 24 2
14 25 2
14 26 1
14 27 1
14 28 1
14 29 1
14 30 1
14 31 2
14 32 1
14 33 2
15 16 1
15 17 1
15 18 2
15 19 2
15 20 1
15 21 1
15 22 2
15 23 2
15 24 1
15 25 2
15 26 2
15 27 1
15 28 1
15 29 1
15 30 1
15 31 1
15 32 2
15 33 1
16 17 1
16 18 1
16 19 2
16 20 2
16 21 1
16 22 1
16 23 1
16 24 2
16 25 1
16 26 2
16 27 2
16 28 1
16 29 1
16 30 1
16 31 1
16 32 1
16 33 2
17 18 1
17 19 1
17 20 2
17 21 2
17 22 1
17 23 2
17 24 1
17 25 2
17 26 1
17 27 2
17 28 2
17 29 1
17 30 1
17 31 1
17 32 1
17 33 1
18 19 1
18 20 1
18 21 2
18 22 2
18 23 1
18 24 2
18 25 1
18 26 2
18 27 1
18 28 2
18 29 2
18 30 1
18 31 1
18 32 1
18 33 1
19 20 1
19 21 1
19 22 2
19 23 1
19 24 1
19 25 2
19 26 1
19 27 2
19 28 1
19 29 2
19 30 2
19 31 1
19 32 1
19 33 1
20 21 1
20 22 1
20 23 1
20 24 1
20 25 1
20 26 2
20 27 1
20 28 2
20 29 1
20 30 2
20 31 2
20 32 1
20 33 1
21 22 1
21 23 1
21 24 1
21 25 1
21 26 1
21 27 2
21 28 1
21 29 2
21 30 1
21 31 2
21 32 2
21 33 1
22 23 1
22 24 1
22 25 1
22 26 1
22 27 1
22 28 2
22 29 1
22 30 2
22 31 1
22 32 2
22 33 2
23 24 2
23 25 1
23 26 1
23 27 1
23 28 1
23 29 1
23 30 1
23 31 1
23 32 1
23 33 2
24 25 2
24 26 1
24 27 1
24 28 1
24 29 1
24 30 1
24 31 1
24 32 1
24 33 1
25 26 2
25 27 1
25 28 1
25 29 1
25 30 1
25 31 1
25 32 1
25 33 1
26 27 2
26 28 1
26 29 1
26 30 1
26 31 1
26 32 1
26 33 1
27 28 2
27 29 1
27 30 1
27 31 1
27 32 1
27 33 1
28 29 2
28 30 1
28 31 1
28 32 1
28 33 1
29 30 2
29 31 1
29 32 1
29 33 1
30 31 2
30 32 1
30 33 1
31 32 2
31 33 1
32 33 2
