# Coloring of K_34 for the cell R(K_{2,12}, K_{2,7}).
# Color 1 must contain no K_{2,12}: no 2-set with 12 common color-1 neighbors.
# Color 2 must contain no K_{2,7}: no 2-set with 7 common color-2 neighbors.
# Format: "i j c", one per line, vertices 1..34, color c in {1,2}, 561 edges.
# Unconfirmed, not peer reviewed. Nothing here is a claim.
# SAT witness for R(K2x12,K2x7) > 34: CaDiCaL model of the base formula with a prescribed automorphism of order 17 (2 cycles of length 17, 0 fixed points), 2026-09-10
# spec: K2x12,K2x7
# name: K(2,12)/K(2,7) on K34
1 2 2
1 3 2
1 4 1
1 5 1
1 6 2
1 7 1
1 8 2
1 9 1
1 10 1
1 11 2
1 12 1
1 13 2
1 14 1
1 15 1
1 16 2
1 17 2
1 18 2
1 19 2
1 20 2
1 21 1
1 22 2
1 23 1
1 24 1
1 25 1
1 26 2
1 27 1
1 28 1
1 29 1
1 30 2
1 31 1
1 32 1
1 33 1
1 34 1
2 3 2
2 4 2
2 5 1
2 6 1
2 7 2
2 8 1
2 9 2
2 10 1
2 11 1
2 12 2
2 13 1
2 14 2
2 15 1
2 16 1
2 17 2
2 18 1
2 19 2
2 20 2
2 21 2
2 22 1
2 23 2
2 24 1
2 25 1
2 26 1
2 27 2
2 28 1
2 29 1
2 30 1
2 31 2
2 32 1
2 33 1
2 34 1
3 4 2
3 5 2
3 6 1
3 7 1
3 8 2
3 9 1
3 10 2
3 11 1
3 12 1
3 13 2
3 14 1
3 15 2
3 16 1
3 17 1
3 18 1
3 19 1
3 20 2
3 21 2
3 22 2
3 23 1
3 24 2
3 25 1
3 26 1
3 27 1
3 28 2
3 29 1
3 30 1
3 31 1
3 32 2
3 33 1
3 34 1
4 5 2
4 6 2
4 7 1
4 8 1
4 9 2
4 10 1
4 11 2
4 12 1
4 13 1
4 14 2
4 15 1
4 16 2
4 17 1
4 18 1
4 19 1
4 20 1
4 21 2
4 22 2
4 23 2
4 24 1
4 25 2
4 26 1
4 27 1
4 28 1
4 29 2
4 30 1
4 31 1
4 32 1
4 33 2
4 34 1
5 6 2
5 7 2
5 8 1
5 9 1
5 10 2
5 11 1
5 12 2
5 13 1
5 14 1
5 15 2
5 16 1
5 17 2
5 18 1
5 19 1
5 20 1
5 21 1
5 22 2
5 23 2
5 24 2
5 25 1
5 26 2
5 27 1
5 28 1
5 29 1
5 30 2
5 31 1
5 32 1
5 33 1
5 34 2
6 7 2
6 8 2
6 9 1
6 10 1
6 11 2
6 12 1
6 13 2
6 14 1
6 15 1
6 16 2
6 17 1
6 18 2
6 19 1
6 20 1
6 21 1
6 22 1
6 23 2
6 24 2
6 25 2
6 26 1
6 27 2
6 28 1
6 29 1
6 30 1
6 31 2
6 32 1
6 33 1
6 34 1
7 8 2
7 9 2
7 10 1
7 11 1
7 12 2
7 13 1
7 14 2
7 15 1
7 16 1
7 17 2
7 18 1
7 19 2
7 20 1
7 21 1
7 22 1
7 23 1
7 24 2
7 25 2
7 26 2
7 27 1
7 28 2
7 29 1
7 30 1
7 31 1
7 32 2
7 33 1
7 34 1
8 9 2
8 10 2
8 11 1
8 12 1
8 13 2
8 14 1
8 15 2
8 16 1
8 17 1
8 18 1
8 19 1
8 20 2
8 21 1
8 22 1
8 23 1
8 24 1
8 25 2
8 26 2
8 27 2
8 28 1
8 29 2
8 30 1
8 31 1
8 32 1
8 33 2
8 34 1
9 10 2
9 11 2
9 12 1
9 13 1
9 14 2
9 15 1
9 16 2
9 17 1
9 18 1
9 19 1
9 20 1
9 21 2
9 22 1
9 23 1
9 24 1
9 25 1
9 26 2
9 27 2
9 28 2
9 29 1
9 30 2
9 31 1
9 32 1
9 33 1
9 34 2
10 11 2
10 12 2
10 13 1
10 14 1
10 15 2
10 16 1
10 17 2
10 18 2
10 19 1
10 20 1
10 21 1
10 22 2
10 23 1
10 24 1
10 25 1
10 26 1
10 27 2
10 28 2
10 29 2
10 30 1
10 31 2
10 32 1
10 33 1
10 34 1
11 12 2
11 13 2
11 14 1
11 15 1
11 16 2
11 17 1
11 18 1
11 19 2
11 20 1
11 21 1
11 22 1
11 23 2
11 24 1
11 25 1
11 26 1
11 27 1
11 28 2
11 29 2
11 30 2
11 31 1
11 32 2
11 33 1
11 34 1
12 13 2
12 14 2
12 15 1
12 16 1
12 17 2
12 18 1
12 19 1
12 20 2
12 21 1
12 22 1
12 23 1
12 24 2
12 25 1
12 26 1
12 27 1
12 28 1
12 29 2
12 30 2
12 31 2
12 32 1
12 33 2
12 34 1
13 14 2
13 15 2
13 16 1
13 17 1
13 18 1
13 19 1
13 20 1
13 21 2
13 22 1
13 23 1
13 24 1
13 25 2
13 26 1
13 27 1
13 28 1
13 29 1
13 30 2
13 31 2
13 32 2
13 33 1
13 34 2
14 15 2
14 16 2
14 17 1
14 18 2
14 19 1
14 20 1
14 21 1
14 22 2
14 23 1
14 24 1
14 25 1
14 26 2
14 27 1
14 28 1
14 29 1
14 30 1
14 31 2
14 32 2
14 33 2
14 34 1
15 16 2
15 17 2
15 18 1
15 19 2
15 20 1
15 21 1
15 22 1
15 23 2
15 24 1
15 25 1
15 26 1
15 27 2
15 28 1
15 29 1
15 30 1
15 31 1
15 32 2
15 33 2
15 34 2
16 17 2
16 18 2
16 19 1
16 20 2
16 21 1
16 22 1
16 23 1
16 24 2
16 25 1
16 26 1
16 27 1
16 28 2
16 29 1
16 30 1
16 31 1
16 32 1
16 33 2
16 34 2
17 18 2
17 19 2
17 20 1
17 21 2
17 22 1
17 23 1
17 24 1
17 25 2
17 26 1
17 27 1
17 28 1
17 29 2
17 30 1
17 31 1
17 32 1
17 33 1
17 34 2
18 19 1
18 20 1
18 21 2
18 22 2
18 23 1
18 24 2
18 25 1
18 26 2
18 27 2
18 28 1
18 29 2
18 30 1
18 31 2
18 32 2
18 33 1
18 34 1
19 20 1
19 21 1
19 22 2
19 23 2
19 24 1
19 25 2
19 26 1
19 27 2
19 28 2
19 29 1
19 30 2
19 31 1
19 32 2
19 33 2
19 34 1
20 21 1
20 22 1
20 23 2
20 24 2
20 25 1
20 26 2
20 27 1
20 28 2
20 29 2
20 30 1
20 31 2
20 32 1
20 33 2
20 34 2
21 22 1
21 23 1
21 24 2
21 25 2
21 26 1
21 27 2
21 28 1
21 29 2
21 30 2
21 31 1
21 32 2
21 33 1
21 34 2
22 23 1
22 24 1
22 25 2
22 26 2
22 27 1
22 28 2
22 29 1
22 30 2
22 31 2
22 32 1
22 33 2
22 34 1
23 24 1
23 25 1
23 26 2
23 27 2
23 28 1
23 29 2
23 30 1
23 31 2
23 32 2
23 33 1
23 34 2
24 25 1
24 26 1
24 27 2
24 28 2
24 29 1
24 30 2
24 31 1
24 32 2
24 33 2
24 34 1
25 26 1
25 27 1
25 28 2
25 29 2
25 30 1
25 31 2
25 32 1
25 33 2
25 34 2
26 27 1
26 28 1
26 29 2
26 30 2
26 31 1
26 32 2
26 33 1
26 34 2
27 28 1
27 29 1
27 30 2
27 31 2
27 32 1
27 33 2
27 34 1
28 29 1
28 30 1
28 31 2
28 32 2
28 33 1
28 34 2
29 30 1
29 31 1
29 32 2
29 33 2
29 34 1
30 31 1
30 32 1
30 33 2
30 34 2
31 32 1
31 33 1
31 34 2
32 33 1
32 34 1
33 34 1
