# Coloring of K_25 for the cell R(K_{2,14}, K_{2,3}).
# Color 1 must contain no K_{2,14}: no 2-set with 14 common color-1 neighbors.
# Color 2 must contain no K_{2,3}: no 2-set with 3 common color-2 neighbors.
# Format: "i j c", one per line, vertices 1..25, color c in {1,2}, 300 edges.
# Unconfirmed, not peer reviewed. Nothing here is a claim.
# SAT witness for R(K2x14,K2x3) > 25: CaDiCaL model of the base formula with a prescribed automorphism of order 5 (5 cycles of length 5, 0 fixed points), 2026-09-10
# spec: K2x14,K2x3
# name: K(2,14)/K(2,3) on K25
1 2 1
1 3 2
1 4 2
1 5 1
1 6 1
1 7 1
1 8 1
1 9 1
1 10 1
1 11 1
1 12 1
1 13 1
1 14 1
1 15 2
1 16 2
1 17 1
1 18 2
1 19 1
1 20 1
1 21 1
1 22 1
1 23 1
1 24 2
1 25 2
2 3 1
2 4 2
2 5 2
2 6 1
2 7 1
2 8 1
2 9 1
2 10 1
2 11 2
2 12 1
2 13 1
2 14 1
2 15 1
2 16 1
2 17 2
2 18 1
2 19 2
2 20 1
2 21 2
2 22 1
2 23 1
2 24 1
2 25 2
3 4 1
3 5 2
3 6 1
3 7 1
3 8 1
3 9 1
3 10 1
3 11 1
3 12 2
3 13 1
3 14 1
3 15 1
3 16 1
3 17 1
3 18 2
3 19 1
3 20 2
3 21 2
3 22 2
3 23 1
3 24 1
3 25 1
4 5 1
4 6 1
4 7 1
4 8 1
4 9 1
4 10 1
4 11 1
4 12 1
4 13 2
4 14 1
4 15 1
4 16 2
4 17 1
4 18 1
4 19 2
4 20 1
4 21 1
4 22 2
4 23 2
4 24 1
4 25 1
5 6 1
5 7 1
5 8 1
5 9 1
5 10 1
5 11 1
5 12 1
5 13 1
5 14 2
5 15 1
5 16 1
5 17 2
5 18 1
5 19 1
5 20 2
5 21 1
5 22 1
5 23 2
5 24 2
5 25 1
6 7 1
6 8 2
6 9 2
6 10 1
6 11 1
6 12 1
6 13 1
6 14 1
6 15 2
6 16 1
6 17 1
6 18 1
6 19 2
6 20 2
6 21 2
6 22 1
6 23 2
6 24 1
6 25 1
7 8 1
7 9 2
7 10 2
7 11 2
7 12 1
7 13 1
7 14 1
7 15 1
7 16 2
7 17 1
7 18 1
7 19 1
7 20 2
7 21 1
7 22 2
7 23 1
7 24 2
7 25 1
8 9 1
8 10 2
8 11 1
8 12 2
8 13 1
8 14 1
8 15 1
8 16 2
8 17 2
8 18 1
8 19 1
8 20 1
8 21 1
8 22 1
8 23 2
8 24 1
8 25 2
9 10 1
9 11 1
9 12 1
9 13 2
9 14 1
9 15 1
9 16 1
9 17 2
9 18 2
9 19 1
9 20 1
9 21 2
9 22 1
9 23 1
9 24 2
9 25 1
10 11 1
10 12 1
10 13 1
10 14 2
10 15 1
10 16 1
10 17 1
10 18 2
10 19 2
10 20 1
10 21 1
10 22 2
10 23 1
10 24 1
10 25 2
11 12 2
11 13 1
11 14 1
11 15 2
11 16 1
11 17 1
11 18 1
11 19 1
11 20 2
11 21 1
11 22 1
11 23 1
11 24 1
11 25 2
12 13 2
12 14 1
12 15 1
12 16 2
12 17 1
12 18 1
12 19 1
12 20 1
12 21 2
12 22 1
12 23 1
12 24 1
12 25 1
13 14 2
13 15 1
13 16 1
13 17 2
13 18 1
13 19 1
13 20 1
13 21 1
13 22 2
13 23 1
13 24 1
13 25 1
14 15 2
14 16 1
14 17 1
14 18 2
14 19 1
14 20 1
14 21 1
14 22 1
14 23 2
14 24 1
14 25 1
15 16 1
15 17 1
15 18 1
15 19 2
15 20 1
15 21 1
15 22 1
15 23 1
15 24 2
15 25 1
16 17 1
16 18 1
16 19 1
16 20 1
16 21 1
16 22 1
16 23 2
16 24 2
16 25 1
17 18 1
17 19 1
17 20 1
17 21 1
17 22 1
17 23 1
17 24 2
17 25 2
18 19 1
18 20 1
18 21 2
18 22 1
18 23 1
18 24 1
18 25 2
19 20 1
19 21 2
19 22 2
19 23 1
19 24 1
19 25 1
20 21 1
20 22 2
20 23 2
20 24 1
20 25 1
21 22 1
21 23 1
21 24 1
21 25 1
22 23 1
22 24 1
22 25 1
23 24 1
23 25 1
24 25 1
