# Coloring of K_27 for the cell R(K_{2,13}, K_{2,4}).
# Color 1 must contain no K_{2,13}: no 2-set with 13 common color-1 neighbors.
# Color 2 must contain no K_{2,4}: no 2-set with 4 common color-2 neighbors.
# Format: "i j c", one per line, vertices 1..27, color c in {1,2}, 351 edges.
# Unconfirmed, not peer reviewed. Nothing here is a claim.
# SAT witness for R(K2x13,K2x4) > 27: CaDiCaL model of the base formula with a prescribed automorphism of order 9 (3 cycles of length 9, 0 fixed points), 2026-09-10
# spec: K2x13,K2x4
# name: K(2,13)/K(2,4) on K27
1 2 2
1 3 1
1 4 1
1 5 1
1 6 1
1 7 1
1 8 1
1 9 2
1 10 1
1 11 1
1 12 2
1 13 2
1 14 1
1 15 1
1 16 2
1 17 2
1 18 1
1 19 1
1 20 1
1 21 1
1 22 2
1 23 2
1 24 1
1 25 2
1 26 1
1 27 1
2 3 2
2 4 1
2 5 1
2 6 1
2 7 1
2 8 1
2 9 1
2 10 1
2 11 1
2 12 1
2 13 2
2 14 2
2 15 1
2 16 1
2 17 2
2 18 2
2 19 1
2 20 1
2 21 1
2 22 1
2 23 2
2 24 2
2 25 1
2 26 2
2 27 1
3 4 2
3 5 1
3 6 1
3 7 1
3 8 1
3 9 1
3 10 2
3 11 1
3 12 1
3 13 1
3 14 2
3 15 2
3 16 1
3 17 1
3 18 2
3 19 1
3 20 1
3 21 1
3 22 1
3 23 1
3 24 2
3 25 2
3 26 1
3 27 2
4 5 2
4 6 1
4 7 1
4 8 1
4 9 1
4 10 2
4 11 2
4 12 1
4 13 1
4 14 1
4 15 2
4 16 2
4 17 1
4 18 1
4 19 2
4 20 1
4 21 1
4 22 1
4 23 1
4 24 1
4 25 2
4 26 2
4 27 1
5 6 2
5 7 1
5 8 1
5 9 1
5 10 1
5 11 2
5 12 2
5 13 1
5 14 1
5 15 1
5 16 2
5 17 2
5 18 1
5 19 1
5 20 2
5 21 1
5 22 1
5 23 1
5 24 1
5 25 1
5 26 2
5 27 2
6 7 2
6 8 1
6 9 1
6 10 1
6 11 1
6 12 2
6 13 2
6 14 1
6 15 1
6 16 1
6 17 2
6 18 2
6 19 2
6 20 1
6 21 2
6 22 1
6 23 1
6 24 1
6 25 1
6 26 1
6 27 2
7 8 2
7 9 1
7 10 2
7 11 1
7 12 1
7 13 2
7 14 2
7 15 1
7 16 1
7 17 1
7 18 2
7 19 2
7 20 2
7 21 1
7 22 2
7 23 1
7 24 1
7 25 1
7 26 1
7 27 1
8 9 2
8 10 2
8 11 2
8 12 1
8 13 1
8 14 2
8 15 2
8 16 1
8 17 1
8 18 1
8 19 1
8 20 2
8 21 2
8 22 1
8 23 2
8 24 1
8 25 1
8 26 1
8 27 1
9 10 1
9 11 2
9 12 2
9 13 1
9 14 1
9 15 2
9 16 2
9 17 1
9 18 1
9 19 1
9 20 1
9 21 2
9 22 2
9 23 1
9 24 2
9 25 1
9 26 1
9 27 1
10 11 2
10 12 1
10 13 1
10 14 1
10 15 1
10 16 1
10 17 1
10 18 2
10 19 1
10 20 1
10 21 1
10 22 2
10 23 2
10 24 1
10 25 2
10 26 1
10 27 1
11 12 2
11 13 1
11 14 1
11 15 1
11 16 1
11 17 1
11 18 1
11 19 1
11 20 1
11 21 1
11 22 1
11 23 2
11 24 2
11 25 1
11 26 2
11 27 1
12 13 2
12 14 1
12 15 1
12 16 1
12 17 1
12 18 1
12 19 1
12 20 1
12 21 1
12 22 1
12 23 1
12 24 2
12 25 2
12 26 1
12 27 2
13 14 2
13 15 1
13 16 1
13 17 1
13 18 1
13 19 2
13 20 1
13 21 1
13 22 1
13 23 1
13 24 1
13 25 2
13 26 2
13 27 1
14 15 2
14 16 1
14 17 1
14 18 1
14 19 1
14 20 2
14 21 1
14 22 1
14 23 1
14 24 1
14 25 1
14 26 2
14 27 2
15 16 2
15 17 1
15 18 1
15 19 2
15 20 1
15 21 2
15 22 1
15 23 1
15 24 1
15 25 1
15 26 1
15 27 2
16 17 2
16 18 1
16 19 2
16 20 2
16 21 1
16 22 2
16 23 1
16 24 1
16 25 1
16 26 1
16 27 1
17 18 2
17 19 1
17 20 2
17 21 2
17 22 1
17 23 2
17 24 1
17 25 1
17 26 1
17 27 1
18 19 1
18 20 1
18 21 2
18 22 2
18 23 1
18 24 2
18 25 1
18 26 1
18 27 1
19 20 1
19 21 1
19 22 1
19 23 2
19 24 2
19 25 1
19 26 1
19 27 1
20 21 1
20 22 1
20 23 1
20 24 2
20 25 2
20 26 1
20 27 1
21 22 1
21 23 1
21 24 1
21 25 2
21 26 2
21 27 1
22 23 1
22 24 1
22 25 1
22 26 2
22 27 2
23 24 1
23 25 1
23 26 1
23 27 2
24 25 1
24 26 1
24 27 1
25 26 1
25 27 1
26 27 1
