# Coloring of K_21 for the cell R(K_{3,5}, K_{2,5}).
# Color 1 must contain no K_{3,5}: no 3-set with 5 common color-1 neighbors.
# Color 2 must contain no K_{2,5}: no 2-set with 5 common color-2 neighbors.
# NOTE these are NOT K_{3,4} and K_{3,3}; that is the other directory, k34k33-n19,
# whose witness is on K_18. A 3-set here may have up to 4 common color-1 neighbors
# and that is permitted; this coloring attains 4, so it is tight, not violating.
# Format: "i j c", one per line, vertices 1..21, color c in {1,2}, 210 edges.
# spec: K3x5,K2x5
# name: K(3,5)/K(2,5) on K21
1 2 1
1 3 1
1 4 1
1 5 1
1 6 1
1 7 1
1 8 1
1 9 1
1 10 1
1 11 1
1 12 1
1 13 1
1 14 2
1 15 2
1 16 2
1 17 2
1 18 2
1 19 2
1 20 2
1 21 2
2 3 1
2 4 1
2 5 1
2 6 1
2 7 1
2 8 1
2 9 1
2 10 2
2 11 2
2 12 2
2 13 2
2 14 1
2 15 1
2 16 1
2 17 1
2 18 2
2 19 2
2 20 2
2 21 2
3 4 1
3 5 1
3 6 1
3 7 1
3 8 2
3 9 2
3 10 1
3 11 1
3 12 2
3 13 2
3 14 1
3 15 1
3 16 2
3 17 2
3 18 1
3 19 1
3 20 2
3 21 2
4 5 1
4 6 1
4 7 1
4 8 2
4 9 2
4 10 2
4 11 2
4 12 1
4 13 1
4 14 2
4 15 2
4 16 1
4 17 1
4 18 1
4 19 1
4 20 2
4 21 2
5 6 1
5 7 2
5 8 1
5 9 2
5 10 1
5 11 2
5 12 1
5 13 2
5 14 1
5 15 2
5 16 1
5 17 2
5 18 1
5 19 2
5 20 1
5 21 2
6 7 2
6 8 2
6 9 1
6 10 2
6 11 1
6 12 1
6 13 2
6 14 1
6 15 2
6 16 2
6 17 1
6 18 2
6 19 1
6 20 1
6 21 2
7 8 2
7 9 2
7 10 1
7 11 1
7 12 2
7 13 1
7 14 2
7 15 1
7 16 1
7 17 1
7 18 2
7 19 2
7 20 2
7 21 1
8 9 1
8 10 1
8 11 2
8 12 2
8 13 1
8 14 2
8 15 1
8 16 1
8 17 2
8 18 2
8 19 1
8 20 1
8 21 2
9 10 2
9 11 1
9 12 1
9 13 1
9 14 1
9 15 1
9 16 2
9 17 1
9 18 2
9 19 2
9 20 2
9 21 1
10 11 1
10 12 2
10 13 1
10 14 1
10 15 2
10 16 2
10 17 2
10 18 1
10 19 2
10 20 1
10 21 1
11 12 1
11 13 2
11 14 2
11 15 1
11 16 2
11 17 2
11 18 2
11 19 1
11 20 1
11 21 1
12 13 1
12 14 2
12 15 2
12 16 1
12 17 2
12 18 1
12 19 2
12 20 1
12 21 1
13 14 2
13 15 2
13 16 2
13 17 1
13 18 1
13 19 1
13 20 2
13 21 1
14 15 1
14 16 2
14 17 1
14 18 1
14 19 2
14 20 1
14 21 1
15 16 1
15 17 2
15 18 1
15 19 1
15 20 2
15 21 1
16 17 1
16 18 1
16 19 2
16 20 1
16 21 1
17 18 2
17 19 1
17 20 1
17 21 1
18 19 1
18 20 2
18 21 1
19 20 1
19 21 2
20 21 1
