# Coloring of K_28 for the cell R(B_5, B_9).
# B_t = K_2 + t*K_1 (a book: t triangles sharing one edge).
# Color 1 must contain no B_5: no color-1 EDGE has 5 common color-1 neighbours.
# Color 2 must contain no B_9: no color-2 EDGE has 9 common color-2 neighbours.
# Therefore R(B_5, B_9) > 28, i.e. >= 29.
# DS1 rev #18 Table IXa prints >= 28 for this cell; 5.3(k) gives <= 30.
# Found 2026-08-23 by prescribed-automorphism SAT search, cycle type (14,14).
# Unconfirmed, not peer reviewed.
# spec: B5,B9
# name: B(5)/B(9) on K28
1 2 2
1 3 1
1 4 1
1 5 1
1 6 2
1 7 2
1 8 1
1 9 2
1 10 2
1 11 1
1 12 1
1 13 1
1 14 2
1 15 2
1 16 2
1 17 2
1 18 1
1 19 2
1 20 2
1 21 2
1 22 2
1 23 1
1 24 1
1 25 2
1 26 1
1 27 1
1 28 2
2 3 2
2 4 1
2 5 1
2 6 1
2 7 2
2 8 2
2 9 1
2 10 2
2 11 2
2 12 1
2 13 1
2 14 1
2 15 2
2 16 2
2 17 2
2 18 2
2 19 1
2 20 2
2 21 2
2 22 2
2 23 2
2 24 1
2 25 1
2 26 2
2 27 1
2 28 1
3 4 2
3 5 1
3 6 1
3 7 1
3 8 2
3 9 2
3 10 1
3 11 2
3 12 2
3 13 1
3 14 1
3 15 1
3 16 2
3 17 2
3 18 2
3 19 2
3 20 1
3 21 2
3 22 2
3 23 2
3 24 2
3 25 1
3 26 1
3 27 2
3 28 1
4 5 2
4 6 1
4 7 1
4 8 1
4 9 2
4 10 2
4 11 1
4 12 2
4 13 2
4 14 1
4 15 1
4 16 1
4 17 2
4 18 2
4 19 2
4 20 2
4 21 1
4 22 2
4 23 2
4 24 2
4 25 2
4 26 1
4 27 1
4 28 2
5 6 2
5 7 1
5 8 1
5 9 1
5 10 2
5 11 2
5 12 1
5 13 2
5 14 2
5 15 2
5 16 1
5 17 1
5 18 2
5 19 2
5 20 2
5 21 2
5 22 1
5 23 2
5 24 2
5 25 2
5 26 2
5 27 1
5 28 1
6 7 2
6 8 1
6 9 1
6 10 1
6 11 2
6 12 2
6 13 1
6 14 2
6 15 1
6 16 2
6 17 1
6 18 1
6 19 2
6 20 2
6 21 2
6 22 2
6 23 1
6 24 2
6 25 2
6 26 2
6 27 2
6 28 1
7 8 2
7 9 1
7 10 1
7 11 1
7 12 2
7 13 2
7 14 1
7 15 1
7 16 1
7 17 2
7 18 1
7 19 1
7 20 2
7 21 2
7 22 2
7 23 2
7 24 1
7 25 2
7 26 2
7 27 2
7 28 2
8 9 2
8 10 1
8 11 1
8 12 1
8 13 2
8 14 2
8 15 2
8 16 1
8 17 1
8 18 2
8 19 1
8 20 1
8 21 2
8 22 2
8 23 2
8 24 2
8 25 1
8 26 2
8 27 2
8 28 2
9 10 2
9 11 1
9 12 1
9 13 1
9 14 2
9 15 2
9 16 2
9 17 1
9 18 1
9 19 2
9 20 1
9 21 1
9 22 2
9 23 2
9 24 2
9 25 2
9 26 1
9 27 2
9 28 2
10 11 2
10 12 1
10 13 1
10 14 1
10 15 2
10 16 2
10 17 2
10 18 1
10 19 1
10 20 2
10 21 1
10 22 1
10 23 2
10 24 2
10 25 2
10 26 2
10 27 1
10 28 2
11 12 2
11 13 1
11 14 1
11 15 2
11 16 2
11 17 2
11 18 2
11 19 1
11 20 1
11 21 2
11 22 1
11 23 1
11 24 2
11 25 2
11 26 2
11 27 2
11 28 1
12 13 2
12 14 1
12 15 1
12 16 2
12 17 2
12 18 2
12 19 2
12 20 1
12 21 1
12 22 2
12 23 1
12 24 1
12 25 2
12 26 2
12 27 2
12 28 2
13 14 2
13 15 2
13 16 1
13 17 2
13 18 2
13 19 2
13 20 2
13 21 1
13 22 1
13 23 2
13 24 1
13 25 1
13 26 2
13 27 2
13 28 2
14 15 2
14 16 2
14 17 1
14 18 2
14 19 2
14 20 2
14 21 2
14 22 1
14 23 1
14 24 2
14 25 1
14 26 1
14 27 2
14 28 2
15 16 1
15 17 2
15 18 2
15 19 2
15 20 1
15 21 1
15 22 2
15 23 1
15 24 1
15 25 2
15 26 2
15 27 2
15 28 1
16 17 1
16 18 2
16 19 2
16 20 2
16 21 1
16 22 1
16 23 2
16 24 1
16 25 1
16 26 2
16 27 2
16 28 2
17 18 1
17 19 2
17 20 2
17 21 2
17 22 1
17 23 1
17 24 2
17 25 1
17 26 1
17 27 2
17 28 2
18 19 1
18 20 2
18 21 2
18 22 2
18 23 1
18 24 1
18 25 2
18 26 1
18 27 1
18 28 2
19 20 1
19 21 2
19 22 2
19 23 2
19 24 1
19 25 1
19 26 2
19 27 1
19 28 1
20 21 1
20 22 2
20 23 2
20 24 2
20 25 1
20 26 1
20 27 2
20 28 1
21 22 1
21 23 2
21 24 2
21 25 2
21 26 1
21 27 1
21 28 2
22 23 1
22 24 2
22 25 2
22 26 2
22 27 1
22 28 1
23 24 1
23 25 2
23 26 2
23 27 2
23 28 1
24 25 1
24 26 2
24 27 2
24 28 2
25 26 1
25 27 2
25 28 2
26 27 1
26 28 2
27 28 1
