# Cayley witness for R(K3x5, K3x3) > 20: group Z20, red connection set [2, 3, 4, 5, 7, 10, 13, 15, 16, 17, 18]
1 2 2
1 3 1
1 4 1
1 5 1
1 6 1
1 7 2
1 8 1
1 9 2
1 10 2
1 11 1
1 12 2
1 13 2
1 14 1
1 15 2
1 16 1
1 17 1
1 18 1
1 19 1
1 20 2
2 3 2
2 4 1
2 5 1
2 6 1
2 7 1
2 8 2
2 9 1
2 10 2
2 11 2
2 12 1
2 13 2
2 14 2
2 15 1
2 16 2
2 17 1
2 18 1
2 19 1
2 20 1
3 4 2
3 5 1
3 6 1
3 7 1
3 8 1
3 9 2
3 10 1
3 11 2
3 12 2
3 13 1
3 14 2
3 15 2
3 16 1
3 17 2
3 18 1
3 19 1
3 20 1
4 5 2
4 6 1
4 7 1
4 8 1
4 9 1
4 10 2
4 11 1
4 12 2
4 13 2
4 14 1
4 15 2
4 16 2
4 17 1
4 18 2
4 19 1
4 20 1
5 6 2
5 7 1
5 8 1
5 9 1
5 10 1
5 11 2
5 12 1
5 13 2
5 14 2
5 15 1
5 16 2
5 17 2
5 18 1
5 19 2
5 20 1
6 7 2
6 8 1
6 9 1
6 10 1
6 11 1
6 12 2
6 13 1
6 14 2
6 15 2
6 16 1
6 17 2
6 18 2
6 19 1
6 20 2
7 8 2
7 9 1
7 10 1
7 11 1
7 12 1
7 13 2
7 14 1
7 15 2
7 16 2
7 17 1
7 18 2
7 19 2
7 20 1
8 9 2
8 10 1
8 11 1
8 12 1
8 13 1
8 14 2
8 15 1
8 16 2
8 17 2
8 18 1
8 19 2
8 20 2
9 10 2
9 11 1
9 12 1
9 13 1
9 14 1
9 15 2
9 16 1
9 17 2
9 18 2
9 19 1
9 20 2
10 11 2
10 12 1
10 13 1
10 14 1
10 15 1
10 16 2
10 17 1
10 18 2
10 19 2
10 20 1
11 12 2
11 13 1
11 14 1
11 15 1
11 16 1
11 17 2
11 18 1
11 19 2
11 20 2
12 13 2
12 14 1
12 15 1
12 16 1
12 17 1
12 18 2
12 19 1
12 20 2
13 14 2
13 15 1
13 16 1
13 17 1
13 18 1
13 19 2
13 20 1
14 15 2
14 16 1
14 17 1
14 18 1
14 19 1
14 20 2
15 16 2
15 17 1
15 18 1
15 19 1
15 20 1
16 17 2
16 18 1
16 19 1
16 20 1
17 18 2
17 19 1
17 20 1
18 19 2
18 20 1
19 20 2
