# SAT witness for R(K2x13,K2x6) > 31: CaDiCaL model of the base formula with a prescribed automorphism of order 10 (3 cycles of length 10, 1 fixed points), 2026-09-10
1 2 2
1 3 1
1 4 1
1 5 1
1 6 1
1 7 1
1 8 1
1 9 1
1 10 2
1 11 1
1 12 2
1 13 2
1 14 2
1 15 1
1 16 2
1 17 1
1 18 1
1 19 1
1 20 2
1 21 1
1 22 2
1 23 1
1 24 1
1 25 1
1 26 2
1 27 1
1 28 1
1 29 2
1 30 1
1 31 2
2 3 2
2 4 1
2 5 1
2 6 1
2 7 1
2 8 1
2 9 1
2 10 1
2 11 2
2 12 1
2 13 2
2 14 2
2 15 2
2 16 1
2 17 2
2 18 1
2 19 1
2 20 1
2 21 1
2 22 1
2 23 2
2 24 1
2 25 1
2 26 1
2 27 2
2 28 1
2 29 1
2 30 2
2 31 2
3 4 2
3 5 1
3 6 1
3 7 1
3 8 1
3 9 1
3 10 1
3 11 1
3 12 2
3 13 1
3 14 2
3 15 2
3 16 2
3 17 1
3 18 2
3 19 1
3 20 1
3 21 2
3 22 1
3 23 1
3 24 2
3 25 1
3 26 1
3 27 1
3 28 2
3 29 1
3 30 1
3 31 2
4 5 2
4 6 1
4 7 1
4 8 1
4 9 1
4 10 1
4 11 1
4 12 1
4 13 2
4 14 1
4 15 2
4 16 2
4 17 2
4 18 1
4 19 2
4 20 1
4 21 1
4 22 2
4 23 1
4 24 1
4 25 2
4 26 1
4 27 1
4 28 1
4 29 2
4 30 1
4 31 2
5 6 2
5 7 1
5 8 1
5 9 1
5 10 1
5 11 1
5 12 1
5 13 1
5 14 2
5 15 1
5 16 2
5 17 2
5 18 2
5 19 1
5 20 2
5 21 1
5 22 1
5 23 2
5 24 1
5 25 1
5 26 2
5 27 1
5 28 1
5 29 1
5 30 2
5 31 2
6 7 2
6 8 1
6 9 1
6 10 1
6 11 2
6 12 1
6 13 1
6 14 1
6 15 2
6 16 1
6 17 2
6 18 2
6 19 2
6 20 1
6 21 2
6 22 1
6 23 1
6 24 2
6 25 1
6 26 1
6 27 2
6 28 1
6 29 1
6 30 1
6 31 2
7 8 2
7 9 1
7 10 1
7 11 1
7 12 2
7 13 1
7 14 1
7 15 1
7 16 2
7 17 1
7 18 2
7 19 2
7 20 2
7 21 1
7 22 2
7 23 1
7 24 1
7 25 2
7 26 1
7 27 1
7 28 2
7 29 1
7 30 1
7 31 2
8 9 2
8 10 1
8 11 2
8 12 1
8 13 2
8 14 1
8 15 1
8 16 1
8 17 2
8 18 1
8 19 2
8 20 2
8 21 1
8 22 1
8 23 2
8 24 1
8 25 1
8 26 2
8 27 1
8 28 1
8 29 2
8 30 1
8 31 2
9 10 2
9 11 2
9 12 2
9 13 1
9 14 2
9 15 1
9 16 1
9 17 1
9 18 2
9 19 1
9 20 2
9 21 1
9 22 1
9 23 1
9 24 2
9 25 1
9 26 1
9 27 2
9 28 1
9 29 1
9 30 2
9 31 2
10 11 2
10 12 2
10 13 2
10 14 1
10 15 2
10 16 1
10 17 1
10 18 1
10 19 2
10 20 1
10 21 2
10 22 1
10 23 1
10 24 1
10 25 2
10 26 1
10 27 1
10 28 2
10 29 1
10 30 1
10 31 2
11 12 1
11 13 1
11 14 2
11 15 2
11 16 1
11 17 2
11 18 2
11 19 1
11 20 1
11 21 1
11 22 2
11 23 2
11 24 1
11 25 2
11 26 1
11 27 1
11 28 1
11 29 1
11 30 1
11 31 1
12 13 1
12 14 1
12 15 2
12 16 2
12 17 1
12 18 2
12 19 2
12 20 1
12 21 1
12 22 1
12 23 2
12 24 2
12 25 1
12 26 2
12 27 1
12 28 1
12 29 1
12 30 1
12 31 1
13 14 1
13 15 1
13 16 2
13 17 2
13 18 1
13 19 2
13 20 2
13 21 1
13 22 1
13 23 1
13 24 2
13 25 2
13 26 1
13 27 2
13 28 1
13 29 1
13 30 1
13 31 1
14 15 1
14 16 1
14 17 2
14 18 2
14 19 1
14 20 2
14 21 1
14 22 1
14 23 1
14 24 1
14 25 2
14 26 2
14 27 1
14 28 2
14 29 1
14 30 1
14 31 1
15 16 1
15 17 1
15 18 2
15 19 2
15 20 1
15 21 1
15 22 1
15 23 1
15 24 1
15 25 1
15 26 2
15 27 2
15 28 1
15 29 2
15 30 1
15 31 1
16 17 1
16 18 1
16 19 2
16 20 2
16 21 1
16 22 1
16 23 1
16 24 1
16 25 1
16 26 1
16 27 2
16 28 2
16 29 1
16 30 2
16 31 1
17 18 1
17 19 1
17 20 2
17 21 2
17 22 1
17 23 1
17 24 1
17 25 1
17 26 1
17 27 1
17 28 2
17 29 2
17 30 1
17 31 1
18 19 1
18 20 1
18 21 1
18 22 2
18 23 1
18 24 1
18 25 1
18 26 1
18 27 1
18 28 1
18 29 2
18 30 2
18 31 1
19 20 1
19 21 2
19 22 1
19 23 2
19 24 1
19 25 1
19 26 1
19 27 1
19 28 1
19 29 1
19 30 2
19 31 1
20 21 2
20 22 2
20 23 1
20 24 2
20 25 1
20 26 1
20 27 1
20 28 1
20 29 1
20 30 1
20 31 1
21 22 2
21 23 2
21 24 2
21 25 1
21 26 1
21 27 1
21 28 2
21 29 2
21 30 2
21 31 1
22 23 2
22 24 2
22 25 2
22 26 1
22 27 1
22 28 1
22 29 2
22 30 2
22 31 1
23 24 2
23 25 2
23 26 2
23 27 1
23 28 1
23 29 1
23 30 2
23 31 1
24 25 2
24 26 2
24 27 2
24 28 1
24 29 1
24 30 1
24 31 1
25 26 2
25 27 2
25 28 2
25 29 1
25 30 1
25 31 1
26 27 2
26 28 2
26 29 2
26 30 1
26 31 1
27 28 2
27 29 2
27 30 2
27 31 1
28 29 2
28 30 2
28 31 1
29 30 2
29 31 1
30 31 1
