# Coloring of K_28 for the cell R(K_{2,10}, K_{2,6}).
# Color 1 must contain no K_{2,10}: no 2-set with 10 common color-1 neighbors.
# Color 2 must contain no K_{2,6}: no 2-set with 6 common color-2 neighbors.
# Format: "i j c", one per line, vertices 1..28, color c in {1,2}, 378 edges.
# Found 2026-08-22 by prescribed-automorphism SAT search. Unconfirmed, not peer reviewed.
# spec: K2x10,K2x6
# name: K(2,10)/K(2,6) on K28
1 2 1
1 3 1
1 4 1
1 5 1
1 6 1
1 7 1
1 8 2
1 9 2
1 10 2
1 11 1
1 12 1
1 13 2
1 14 2
1 15 1
1 16 1
1 17 2
1 18 1
1 19 1
1 20 2
1 21 2
1 22 1
1 23 1
1 24 2
1 25 1
1 26 2
1 27 1
1 28 2
2 3 1
2 4 1
2 5 1
2 6 1
2 7 1
2 8 1
2 9 2
2 10 2
2 11 2
2 12 1
2 13 1
2 14 2
2 15 2
2 16 1
2 17 1
2 18 2
2 19 2
2 20 1
2 21 2
2 22 2
2 23 1
2 24 1
2 25 2
2 26 1
2 27 2
2 28 1
3 4 1
3 5 1
3 6 1
3 7 1
3 8 1
3 9 1
3 10 2
3 11 2
3 12 2
3 13 2
3 14 1
3 15 2
3 16 2
3 17 1
3 18 1
3 19 1
3 20 2
3 21 1
3 22 2
3 23 2
3 24 1
3 25 1
3 26 2
3 27 1
3 28 2
4 5 1
4 6 1
4 7 2
4 8 1
4 9 1
4 10 1
4 11 2
4 12 2
4 13 1
4 14 2
4 15 1
4 16 2
4 17 2
4 18 1
4 19 1
4 20 1
4 21 2
4 22 1
4 23 2
4 24 2
4 25 2
4 26 1
4 27 2
4 28 1
5 6 1
5 7 2
5 8 2
5 9 1
5 10 1
5 11 1
5 12 2
5 13 1
5 14 1
5 15 2
5 16 1
5 17 2
5 18 2
5 19 2
5 20 1
5 21 1
5 22 2
5 23 1
5 24 2
5 25 1
5 26 2
5 27 1
5 28 2
6 7 2
6 8 2
6 9 2
6 10 1
6 11 1
6 12 1
6 13 2
6 14 1
6 15 1
6 16 2
6 17 1
6 18 2
6 19 2
6 20 2
6 21 1
6 22 1
6 23 2
6 24 1
6 25 2
6 26 1
6 27 2
6 28 1
7 8 1
7 9 1
7 10 2
7 11 1
7 12 1
7 13 1
7 14 2
7 15 2
7 16 1
7 17 2
7 18 1
7 19 2
7 20 2
7 21 1
7 22 1
7 23 2
7 24 1
7 25 2
7 26 1
7 27 1
7 28 2
8 9 1
8 10 1
8 11 2
8 12 1
8 13 1
8 14 1
8 15 2
8 16 2
8 17 1
8 18 2
8 19 1
8 20 2
8 21 2
8 22 1
8 23 1
8 24 2
8 25 1
8 26 2
8 27 2
8 28 1
9 10 1
9 11 1
9 12 2
9 13 2
9 14 1
9 15 1
9 16 2
9 17 2
9 18 1
9 19 2
9 20 1
9 21 2
9 22 2
9 23 1
9 24 1
9 25 2
9 26 1
9 27 1
9 28 2
10 11 1
10 12 1
10 13 1
10 14 2
10 15 1
10 16 1
10 17 2
10 18 2
10 19 1
10 20 2
10 21 1
10 22 2
10 23 2
10 24 1
10 25 1
10 26 2
10 27 2
10 28 1
11 12 1
11 13 2
11 14 1
11 15 2
11 16 1
11 17 1
11 18 2
11 19 1
11 20 1
11 21 2
11 22 1
11 23 2
11 24 2
11 25 2
11 26 1
11 27 1
11 28 2
12 13 2
12 14 2
12 15 1
12 16 2
12 17 1
12 18 1
12 19 2
12 20 1
12 21 1
12 22 2
12 23 1
12 24 2
12 25 1
12 26 2
12 27 2
12 28 1
13 14 2
13 15 1
13 16 1
13 17 1
13 18 2
13 19 2
13 20 1
13 21 1
13 22 1
13 23 2
13 24 2
13 25 1
13 26 1
13 27 1
13 28 2
14 15 2
14 16 1
14 17 1
14 18 1
14 19 2
14 20 2
14 21 1
14 22 1
14 23 1
14 24 2
14 25 1
14 26 1
14 27 2
14 28 1
15 16 2
15 17 1
15 18 1
15 19 2
15 20 2
15 21 2
15 22 1
15 23 1
15 24 1
15 25 1
15 26 1
15 27 1
15 28 2
16 17 2
16 18 1
16 19 1
16 20 2
16 21 2
16 22 2
16 23 1
16 24 1
16 25 1
16 26 1
16 27 2
16 28 1
17 18 2
17 19 1
17 20 1
17 21 2
17 22 2
17 23 2
17 24 1
17 25 1
17 26 1
17 27 1
17 28 2
18 19 1
18 20 1
18 21 1
18 22 2
18 23 2
18 24 2
18 25 1
18 26 1
18 27 2
18 28 1
19 20 1
19 21 2
19 22 1
19 23 2
19 24 1
19 25 1
19 26 2
19 27 1
19 28 1
20 21 1
20 22 2
20 23 1
20 24 2
20 25 2
20 26 1
20 27 1
20 28 1
21 22 1
21 23 2
21 24 1
21 25 1
21 26 2
21 27 1
21 28 1
22 23 1
22 24 2
22 25 2
22 26 1
22 27 1
22 28 1
23 24 1
23 25 1
23 26 2
23 27 1
23 28 1
24 25 2
24 26 1
24 27 1
24 28 1
25 26 2
25 27 1
25 28 2
26 27 2
26 28 1
27 28 2
