# Coloring of K_18 for the cell R(K_{3,5}, K_{2,4}).
# Color 1 must contain no K_{3,5}: no 3-set with 5 common color-1 neighbours.
# Color 2 must contain no K_{2,4}: no 2-set with 4 common color-2 neighbours.
# Therefore R(K_{3,5}, K_{2,4}) > 18, i.e. >= 19.
# The matching refutation at n=19 is in ledger/. Unconfirmed, not peer reviewed.
# spec: K3x5,K2x4
# name: K(3,5)/K(2,4) on K18
1 2 1
1 3 1
1 4 2
1 5 2
1 6 2
1 7 2
1 8 1
1 9 1
1 10 1
1 11 1
1 12 1
1 13 2
1 14 1
1 15 1
1 16 2
1 17 1
1 18 2
2 3 1
2 4 1
2 5 2
2 6 2
2 7 2
2 8 2
2 9 1
2 10 2
2 11 1
2 12 1
2 13 1
2 14 2
2 15 1
2 16 1
2 17 2
2 18 1
3 4 1
3 5 1
3 6 2
3 7 2
3 8 2
3 9 2
3 10 1
3 11 2
3 12 1
3 13 1
3 14 1
3 15 2
3 16 1
3 17 1
3 18 2
4 5 1
4 6 1
4 7 2
4 8 2
4 9 2
4 10 2
4 11 1
4 12 2
4 13 1
4 14 1
4 15 1
4 16 2
4 17 1
4 18 1
5 6 1
5 7 1
5 8 2
5 9 2
5 10 1
5 11 2
5 12 1
5 13 2
5 14 1
5 15 1
5 16 1
5 17 2
5 18 1
6 7 1
6 8 1
6 9 2
6 10 1
6 11 1
6 12 2
6 13 1
6 14 2
6 15 1
6 16 1
6 17 1
6 18 2
7 8 1
7 9 1
7 10 2
7 11 1
7 12 1
7 13 2
7 14 1
7 15 2
7 16 1
7 17 1
7 18 1
8 9 1
8 10 1
8 11 2
8 12 1
8 13 1
8 14 2
8 15 1
8 16 2
8 17 1
8 18 1
9 10 1
9 11 1
9 12 2
9 13 1
9 14 1
9 15 2
9 16 1
9 17 2
9 18 1
10 11 2
10 12 2
10 13 1
10 14 1
10 15 1
10 16 1
10 17 2
10 18 2
11 12 2
11 13 2
11 14 1
11 15 1
11 16 1
11 17 1
11 18 2
12 13 2
12 14 2
12 15 1
12 16 1
12 17 1
12 18 1
13 14 2
13 15 2
13 16 1
13 17 1
13 18 1
14 15 2
14 16 2
14 17 1
14 18 1
15 16 2
15 17 2
15 18 1
16 17 2
16 18 2
17 18 2
